UNITS=MM
#Layer_Color=9474304
#
#Feature symbol names
#
$0 r169.33164
$1 r127

#
#Feature attribute names
#

#
#Layer features
#
A 48.7172 82.03602338 48.7172 82.03602338 48.2092 82.03602338 0 P 0 N
A 48.7172 85.69362338 48.7172 85.69362338 48.2092 85.69362338 0 P 0 N
A 48.9966 81.32482338 48.9966 81.32482338 48.4886 81.32482338 0 P 0 N
A 48.9966 86.40482338 48.9966 86.40482338 48.4886 86.40482338 0 P 0 N
A 49.3776 87.09062338 49.3776 87.09062338 48.8696 87.09062338 0 P 0 N
A 49.8856 80.08022338 49.8856 80.08022338 49.3776 80.08022338 0 P 0 N
A 50.419 82.08682338 50.419 82.08682338 49.911 82.08682338 0 P 0 N
A 50.419 88.18282338 50.419 88.18282338 49.911 88.18282338 0 P 0 N
A 50.4698 85.66822338 50.4698 85.66822338 49.9618 85.66822338 0 P 0 N
A 51.0032 79.11502338 51.0032 79.11502338 50.4952 79.11502338 0 P 0 N
A 51.2826 80.89302338 51.2826 80.89302338 50.7746 80.89302338 0 P 0 N
A 51.3842 86.83662338 51.3842 86.83662338 50.8762 86.83662338 0 P 0 N
A 51.6636 78.73402338 51.6636 78.73402338 51.1556 78.73402338 0 P 0 N
A 51.6636 88.99562338 51.6636 88.99562338 51.1556 88.99562338 0 P 0 N
A 51.8922 80.43582338 51.8922 80.43582338 51.3842 80.43582338 0 P 0 N
A 51.9684 87.29382338 51.9684 87.29382338 51.4604 87.29382338 0 P 0 N
A 52.3748 78.48002338 52.3748 78.48002338 51.8668 78.48002338 0 P 0 N
A 52.3748 89.24962338 52.3748 89.24962338 51.8668 89.24962338 0 P 0 N
A 52.5526 80.08022338 52.5526 80.08022338 52.0446 80.08022338 0 P 0 N
A 52.6542 87.62402338 52.6542 87.62402338 52.1462 87.62402338 0 P 0 N
A 53.1114 78.30222338 53.1114 78.30222338 52.6034 78.30222338 0 P 0 N
A 53.1114 89.42742338 53.1114 89.42742338 52.6034 89.42742338 0 P 0 N
A 53.2638 79.82622338 53.2638 79.82622338 52.7558 79.82622338 0 P 0 N
A 53.4162 87.80182338 53.4162 87.80182338 52.9082 87.80182338 0 P 0 N
A 53.8988 78.22602338 53.8988 78.22602338 53.3908 78.22602338 0 P 0 N
A 53.8988 89.50362338 53.8988 89.50362338 53.3908 89.50362338 0 P 0 N
A 54.0004 79.72462338 54.0004 79.72462338 53.4924 79.72462338 0 P 0 N
A 54.1782 87.87802338 54.1782 87.87802338 53.6702 87.87802338 0 P 0 N
A 54.67133846 78.24779118 54.67133846 78.24779118 54.16333846 78.24779118 0 P 0 N
A 54.67133846 89.48185558 54.67133846 89.48185558 54.16333846 89.48185558 0 P 0 N
A 54.7624 79.77542338 54.7624 79.77542338 54.2544 79.77542338 0 P 0 N
A 54.9402 87.82722338 54.9402 87.82722338 54.4322 87.82722338 0 P 0 N
A 55.4017307 78.4206331 55.4017307 78.4206331 54.8937307 78.4206331 0 P 0 N
A 55.4017307 89.30901366 55.4017307 89.30901366 54.8937307 89.30901366 0 P 0 N
A 55.499 79.95322338 55.499 79.95322338 54.991 79.95322338 0 P 0 N
A 55.6514 87.59862338 55.6514 87.59862338 55.1434 87.59862338 0 P 0 N
A 56.1086 78.63242338 56.1086 78.63242338 55.6006 78.63242338 0 P 0 N
A 56.1086 89.09722338 56.1086 89.09722338 55.6006 89.09722338 0 P 0 N
A 56.17572712 80.2553513 56.17572712 80.2553513 55.66772712 80.2553513 0 P 0 N
A 56.3118 87.21762338 56.3118 87.21762338 55.8038 87.21762338 0 P 0 N
A 56.77397332 80.71250558 56.77397332 80.71250558 56.26597332 80.71250558 0 P 0 N
A 56.7944 78.91182338 56.7944 78.91182338 56.2864 78.91182338 0 P 0 N
A 56.7944 88.81782338 56.7944 88.81782338 56.2864 88.81782338 0 P 0 N
A 57.3786 86.17622338 57.3786 86.17622338 56.8706 86.17622338 0 P 0 N
A 57.43022042 79.29422038 57.43022042 79.29422038 56.92222042 79.29422038 0 P 0 N
A 57.43022042 88.43542638 57.43022042 88.43542638 56.92222042 88.43542638 0 P 0 N
A 57.7088 81.88362338 57.7088 81.88362338 57.2008 81.88362338 0 P 0 N
A 57.7342 85.54122338 57.7342 85.54122338 57.2262 85.54122338 0 P 0 N
A 57.9628 84.83002338 57.9628 84.83002338 57.4548 84.83002338 0 P 0 N
A 58.0644 83.35682338 58.0644 83.35682338 57.5564 83.35682338 0 P 0 N
A 58.0644 84.09342338 58.0644 84.09342338 57.5564 84.09342338 0 P 0 N
A 58.1152 79.72461322 58.1152 79.72461322 57.6072 79.72461322 0 P 0 N
A 58.1152 88.00502338 58.1152 88.00502338 57.6072 88.00502338 0 P 0 N
A 58.86026836 79.41982338 58.86026836 79.41982338 58.35226836 79.41982338 0 P 0 N
A 58.99003696 82.9965828 58.99003696 82.9965828 58.48203696 82.9965828 0 P 0 N
A 59.055 80.94381322 59.055 80.94381322 58.547 80.94381322 0 P 0 N
A 59.055 86.78582338 59.055 86.78582338 58.547 86.78582338 0 P 0 N
A 59.4106 81.62961322 59.4106 81.62961322 58.9026 81.62961322 0 P 0 N
A 59.4106 86.10002338 59.4106 86.10002338 58.9026 86.10002338 0 P 0 N
A 59.6392 79.41982338 59.6392 79.41982338 59.1312 79.41982338 0 P 0 N
A 59.6392 88.30982338 59.6392 88.30982338 59.1312 88.30982338 0 P 0 N
A 59.6646 82.31541322 59.6646 82.31541322 59.1566 82.31541322 0 P 0 N
A 59.6646 85.41422338 59.6646 85.41422338 59.1566 85.41422338 0 P 0 N
A 59.8424 84.67762338 59.8424 84.67762338 59.3344 84.67762338 0 P 0 N
A 60.41813164 79.41982338 60.41813164 79.41982338 59.91013164 79.41982338 0 P 0 N
A 60.41813164 88.30982338 60.41813164 88.30982338 59.91013164 88.30982338 0 P 0 N
A 60.62133164 83.05201322 60.62133164 83.05201322 60.11333164 83.05201322 0 P 0 N
A 60.62133164 84.67762338 60.62133164 84.67762338 60.11333164 84.67762338 0 P 0 N
A 61.19706328 79.41982338 61.19706328 79.41982338 60.68906328 79.41982338 0 P 0 N
A 61.19706328 88.30982338 61.19706328 88.30982338 60.68906328 88.30982338 0 P 0 N
A 61.40026328 83.05201322 61.40026328 83.05201322 60.89226328 83.05201322 0 P 0 N
A 61.40026328 84.67762338 61.40026328 84.67762338 60.89226328 84.67762338 0 P 0 N
A 61.97599492 79.41982338 61.97599492 79.41982338 61.46799492 79.41982338 0 P 0 N
A 61.97599492 88.30982338 61.97599492 88.30982338 61.46799492 88.30982338 0 P 0 N
A 62.17919492 83.05201322 62.17919492 83.05201322 61.67119492 83.05201322 0 P 0 N
A 62.17919492 84.67762338 62.17919492 84.67762338 61.67119492 84.67762338 0 P 0 N
A 62.75492656 79.41982338 62.75492656 79.41982338 62.24692656 79.41982338 0 P 0 N
A 62.75492656 88.30982338 62.75492656 88.30982338 62.24692656 88.30982338 0 P 0 N
A 62.95812656 83.05201322 62.95812656 83.05201322 62.45012656 83.05201322 0 P 0 N
A 62.95812656 84.67762338 62.95812656 84.67762338 62.45012656 84.67762338 0 P 0 N
A 63.5338582 79.41982338 63.5338582 79.41982338 63.0258582 79.41982338 0 P 0 N
A 63.5338582 88.30982338 63.5338582 88.30982338 63.0258582 88.30982338 0 P 0 N
A 63.7370582 83.05201322 63.7370582 83.05201322 63.2290582 83.05201322 0 P 0 N
A 63.7370582 84.67762338 63.7370582 84.67762338 63.2290582 84.67762338 0 P 0 N
A 64.31278984 79.41982338 64.31278984 79.41982338 63.80478984 79.41982338 0 P 0 N
A 64.31278984 88.30982338 64.31278984 88.30982338 63.80478984 88.30982338 0 P 0 N
A 64.51598984 83.05201322 64.51598984 83.05201322 64.00798984 83.05201322 0 P 0 N
A 64.51598984 84.67762338 64.51598984 84.67762338 64.00798984 84.67762338 0 P 0 N
A 65.09172148 79.41982338 65.09172148 79.41982338 64.58372148 79.41982338 0 P 0 N
A 65.09172148 88.30982338 65.09172148 88.30982338 64.58372148 88.30982338 0 P 0 N
A 65.29492148 83.05201322 65.29492148 83.05201322 64.78692148 83.05201322 0 P 0 N
A 65.29492148 84.67762338 65.29492148 84.67762338 64.78692148 84.67762338 0 P 0 N
A 65.87065312 79.41982338 65.87065312 79.41982338 65.36265312 79.41982338 0 P 0 N
A 65.87065312 88.30982338 65.87065312 88.30982338 65.36265312 88.30982338 0 P 0 N
A 66.07385312 83.05201322 66.07385312 83.05201322 65.56585312 83.05201322 0 P 0 N
A 66.07385312 84.67762338 66.07385312 84.67762338 65.56585312 84.67762338 0 P 0 N
A 66.64958476 79.41982338 66.64958476 79.41982338 66.14158476 79.41982338 0 P 0 N
A 66.64958476 88.30982338 66.64958476 88.30982338 66.14158476 88.30982338 0 P 0 N
A 66.85278476 83.05201322 66.85278476 83.05201322 66.34478476 83.05201322 0 P 0 N
A 66.85278476 84.67762338 66.85278476 84.67762338 66.34478476 84.67762338 0 P 0 N
A 67.4285164 79.41982338 67.4285164 79.41982338 66.9205164 79.41982338 0 P 0 N
A 67.4285164 88.30982338 67.4285164 88.30982338 66.9205164 88.30982338 0 P 0 N
A 67.6317164 83.05201322 67.6317164 83.05201322 67.1237164 83.05201322 0 P 0 N
A 67.6317164 84.67762338 67.6317164 84.67762338 67.1237164 84.67762338 0 P 0 N
A 68.20744804 79.41982338 68.20744804 79.41982338 67.69944804 79.41982338 0 P 0 N
A 68.20744804 88.30982338 68.20744804 88.30982338 67.69944804 88.30982338 0 P 0 N
A 68.41064804 83.05201322 68.41064804 83.05201322 67.90264804 83.05201322 0 P 0 N
A 68.41064804 84.67762338 68.41064804 84.67762338 67.90264804 84.67762338 0 P 0 N
A 68.98637968 79.41982338 68.98637968 79.41982338 68.47837968 79.41982338 0 P 0 N
A 68.98637968 88.30982338 68.98637968 88.30982338 68.47837968 88.30982338 0 P 0 N
A 69.18957968 83.05201322 69.18957968 83.05201322 68.68157968 83.05201322 0 P 0 N
A 69.18957968 84.67762338 69.18957968 84.67762338 68.68157968 84.67762338 0 P 0 N
A 69.76531132 79.41982338 69.76531132 79.41982338 69.25731132 79.41982338 0 P 0 N
A 69.76531132 88.30982338 69.76531132 88.30982338 69.25731132 88.30982338 0 P 0 N
A 69.96851132 83.05201322 69.96851132 83.05201322 69.46051132 83.05201322 0 P 0 N
A 69.96851132 84.67762338 69.96851132 84.67762338 69.46051132 84.67762338 0 P 0 N
A 70.54424296 79.41982338 70.54424296 79.41982338 70.03624296 79.41982338 0 P 0 N
A 70.54424296 88.30982338 70.54424296 88.30982338 70.03624296 88.30982338 0 P 0 N
A 70.74744296 83.05201322 70.74744296 83.05201322 70.23944296 83.05201322 0 P 0 N
A 70.74744296 84.67762338 70.74744296 84.67762338 70.23944296 84.67762338 0 P 0 N
A 71.3231746 79.41982338 71.3231746 79.41982338 70.8151746 79.41982338 0 P 0 N
A 71.3231746 88.30982338 71.3231746 88.30982338 70.8151746 88.30982338 0 P 0 N
A 71.5263746 83.05201322 71.5263746 83.05201322 71.0183746 83.05201322 0 P 0 N
A 71.5263746 84.67762338 71.5263746 84.67762338 71.0183746 84.67762338 0 P 0 N
A 72.10210624 79.41982338 72.10210624 79.41982338 71.59410624 79.41982338 0 P 0 N
A 72.10210624 88.30982338 72.10210624 88.30982338 71.59410624 88.30982338 0 P 0 N
A 72.30530624 83.05201322 72.30530624 83.05201322 71.79730624 83.05201322 0 P 0 N
A 72.30530624 84.67762338 72.30530624 84.67762338 71.79730624 84.67762338 0 P 0 N
A 72.88103788 79.41982338 72.88103788 79.41982338 72.37303788 79.41982338 0 P 0 N
A 72.88103788 88.30982338 72.88103788 88.30982338 72.37303788 88.30982338 0 P 0 N
A 73.08423788 83.05201322 73.08423788 83.05201322 72.57623788 83.05201322 0 P 0 N
A 73.08423788 84.67762338 73.08423788 84.67762338 72.57623788 84.67762338 0 P 0 N
A 73.65996952 79.41982338 73.65996952 79.41982338 73.15196952 79.41982338 0 P 0 N
A 73.65996952 88.30982338 73.65996952 88.30982338 73.15196952 88.30982338 0 P 0 N
A 73.86316952 83.05201322 73.86316952 83.05201322 73.35516952 83.05201322 0 P 0 N
A 73.86316952 84.67762338 73.86316952 84.67762338 73.35516952 84.67762338 0 P 0 N
A 74.43890116 79.41982338 74.43890116 79.41982338 73.93090116 79.41982338 0 P 0 N
A 74.43890116 88.30982338 74.43890116 88.30982338 73.93090116 88.30982338 0 P 0 N
A 74.64210116 83.05201322 74.64210116 83.05201322 74.13410116 83.05201322 0 P 0 N
A 74.64210116 84.67762338 74.64210116 84.67762338 74.13410116 84.67762338 0 P 0 N
A 75.2178328 79.41982338 75.2178328 79.41982338 74.7098328 79.41982338 0 P 0 N
A 75.2178328 88.30982338 75.2178328 88.30982338 74.7098328 88.30982338 0 P 0 N
A 75.4210328 83.05201322 75.4210328 83.05201322 74.9130328 83.05201322 0 P 0 N
A 75.4210328 84.67762338 75.4210328 84.67762338 74.9130328 84.67762338 0 P 0 N
A 75.99676444 79.41982338 75.99676444 79.41982338 75.48876444 79.41982338 0 P 0 N
A 75.99676444 88.30982338 75.99676444 88.30982338 75.48876444 88.30982338 0 P 0 N
A 76.19996444 83.05201322 76.19996444 83.05201322 75.69196444 83.05201322 0 P 0 N
A 76.19996444 84.67762338 76.19996444 84.67762338 75.69196444 84.67762338 0 P 0 N
A 76.77569608 79.41982338 76.77569608 79.41982338 76.26769608 79.41982338 0 P 0 N
A 76.77569608 88.30982338 76.77569608 88.30982338 76.26769608 88.30982338 0 P 0 N
A 76.97889608 83.05201322 76.97889608 83.05201322 76.47089608 83.05201322 0 P 0 N
A 76.97889608 84.67762338 76.97889608 84.67762338 76.47089608 84.67762338 0 P 0 N
A 77.55462772 79.41982338 77.55462772 79.41982338 77.04662772 79.41982338 0 P 0 N
A 77.55462772 88.30982338 77.55462772 88.30982338 77.04662772 88.30982338 0 P 0 N
A 77.75782772 83.05201322 77.75782772 83.05201322 77.24982772 83.05201322 0 P 0 N
A 77.75782772 84.67762338 77.75782772 84.67762338 77.24982772 84.67762338 0 P 0 N
A 78.33355936 79.41982338 78.33355936 79.41982338 77.82555936 79.41982338 0 P 0 N
A 78.33355936 88.30982338 78.33355936 88.30982338 77.82555936 88.30982338 0 P 0 N
A 78.53675936 83.05201322 78.53675936 83.05201322 78.02875936 83.05201322 0 P 0 N
A 78.53675936 84.67762338 78.53675936 84.67762338 78.02875936 84.67762338 0 P 0 N
A 79.112491 79.41982338 79.112491 79.41982338 78.604491 79.41982338 0 P 0 N
A 79.112491 88.30982338 79.112491 88.30982338 78.604491 88.30982338 0 P 0 N
A 79.315691 83.05201322 79.315691 83.05201322 78.807691 83.05201322 0 P 0 N
A 79.315691 84.67762338 79.315691 84.67762338 78.807691 84.67762338 0 P 0 N
A 79.89142264 79.41982338 79.89142264 79.41982338 79.38342264 79.41982338 0 P 0 N
A 79.89142264 88.30982338 79.89142264 88.30982338 79.38342264 88.30982338 0 P 0 N
A 80.09462264 83.05201322 80.09462264 83.05201322 79.58662264 83.05201322 0 P 0 N
A 80.09462264 84.67762338 80.09462264 84.67762338 79.58662264 84.67762338 0 P 0 N
A 80.67035428 79.41982338 80.67035428 79.41982338 80.16235428 79.41982338 0 P 0 N
A 80.67035428 88.30982338 80.67035428 88.30982338 80.16235428 88.30982338 0 P 0 N
A 80.87355428 83.05201322 80.87355428 83.05201322 80.36555428 83.05201322 0 P 0 N
A 80.87355428 84.67762338 80.87355428 84.67762338 80.36555428 84.67762338 0 P 0 N
A 81.44928592 79.41982338 81.44928592 79.41982338 80.94128592 79.41982338 0 P 0 N
A 81.44928592 88.30982338 81.44928592 88.30982338 80.94128592 88.30982338 0 P 0 N
A 81.65248592 83.05201322 81.65248592 83.05201322 81.14448592 83.05201322 0 P 0 N
A 81.65248592 84.67762338 81.65248592 84.67762338 81.14448592 84.67762338 0 P 0 N
A 82.22821756 79.41982338 82.22821756 79.41982338 81.72021756 79.41982338 0 P 0 N
A 82.22821756 88.30982338 82.22821756 88.30982338 81.72021756 88.30982338 0 P 0 N
A 82.43141756 83.05201322 82.43141756 83.05201322 81.92341756 83.05201322 0 P 0 N
A 82.43141756 84.67762338 82.43141756 84.67762338 81.92341756 84.67762338 0 P 0 N
A 83.0071492 79.41982338 83.0071492 79.41982338 82.4991492 79.41982338 0 P 0 N
A 83.0071492 88.30982338 83.0071492 88.30982338 82.4991492 88.30982338 0 P 0 N
A 83.2103492 83.05201322 83.2103492 83.05201322 82.7023492 83.05201322 0 P 0 N
A 83.2103492 84.67762338 83.2103492 84.67762338 82.7023492 84.67762338 0 P 0 N
A 83.78608084 79.41982338 83.78608084 79.41982338 83.27808084 79.41982338 0 P 0 N
A 83.78608084 88.30982338 83.78608084 88.30982338 83.27808084 88.30982338 0 P 0 N
A 83.98928084 83.05201322 83.98928084 83.05201322 83.48128084 83.05201322 0 P 0 N
A 83.98928084 84.67762338 83.98928084 84.67762338 83.48128084 84.67762338 0 P 0 N
A 84.56501248 79.41982338 84.56501248 79.41982338 84.05701248 79.41982338 0 P 0 N
A 84.56501248 88.30982338 84.56501248 88.30982338 84.05701248 88.30982338 0 P 0 N
A 84.76821248 83.05201322 84.76821248 83.05201322 84.26021248 83.05201322 0 P 0 N
A 84.76821248 84.67762338 84.76821248 84.67762338 84.26021248 84.67762338 0 P 0 N
A 85.34394412 79.41982338 85.34394412 79.41982338 84.83594412 79.41982338 0 P 0 N
A 85.34394412 88.30982338 85.34394412 88.30982338 84.83594412 88.30982338 0 P 0 N
A 85.54714412 83.05201322 85.54714412 83.05201322 85.03914412 83.05201322 0 P 0 N
A 85.54714412 84.67762338 85.54714412 84.67762338 85.03914412 84.67762338 0 P 0 N
A 86.12287576 79.41982338 86.12287576 79.41982338 85.61487576 79.41982338 0 P 0 N
A 86.12287576 88.30982338 86.12287576 88.30982338 85.61487576 88.30982338 0 P 0 N
A 86.32607576 83.05201322 86.32607576 83.05201322 85.81807576 83.05201322 0 P 0 N
A 86.32607576 84.67762338 86.32607576 84.67762338 85.81807576 84.67762338 0 P 0 N
A 86.9018074 79.41982338 86.9018074 79.41982338 86.3938074 79.41982338 0 P 0 N
A 86.9018074 88.30982338 86.9018074 88.30982338 86.3938074 88.30982338 0 P 0 N
A 87.1050074 83.05201322 87.1050074 83.05201322 86.5970074 83.05201322 0 P 0 N
A 87.1050074 84.67762338 87.1050074 84.67762338 86.5970074 84.67762338 0 P 0 N
A 87.68073904 79.41982338 87.68073904 79.41982338 87.17273904 79.41982338 0 P 0 N
A 87.68073904 88.30982338 87.68073904 88.30982338 87.17273904 88.30982338 0 P 0 N
A 87.88393904 83.05201322 87.88393904 83.05201322 87.37593904 83.05201322 0 P 0 N
A 87.88393904 84.67762338 87.88393904 84.67762338 87.37593904 84.67762338 0 P 0 N
A 88.45967068 79.41982338 88.45967068 79.41982338 87.95167068 79.41982338 0 P 0 N
A 88.45967068 88.30982338 88.45967068 88.30982338 87.95167068 88.30982338 0 P 0 N
A 88.66287068 83.05201322 88.66287068 83.05201322 88.15487068 83.05201322 0 P 0 N
A 88.66287068 84.67762338 88.66287068 84.67762338 88.15487068 84.67762338 0 P 0 N
A 89.23860232 79.41982338 89.23860232 79.41982338 88.73060232 79.41982338 0 P 0 N
A 89.23860232 88.30982338 89.23860232 88.30982338 88.73060232 88.30982338 0 P 0 N
A 89.44180232 83.05201322 89.44180232 83.05201322 88.93380232 83.05201322 0 P 0 N
A 89.44180232 84.67762338 89.44180232 84.67762338 88.93380232 84.67762338 0 P 0 N
A 90.01753396 79.41982338 90.01753396 79.41982338 89.50953396 79.41982338 0 P 0 N
A 90.01753396 88.30982338 90.01753396 88.30982338 89.50953396 88.30982338 0 P 0 N
A 90.22073396 83.05201322 90.22073396 83.05201322 89.71273396 83.05201322 0 P 0 N
A 90.22073396 84.67762338 90.22073396 84.67762338 89.71273396 84.67762338 0 P 0 N
A 90.7964656 79.41982338 90.7964656 79.41982338 90.2884656 79.41982338 0 P 0 N
A 90.7964656 88.30982338 90.7964656 88.30982338 90.2884656 88.30982338 0 P 0 N
A 90.9996656 83.05201322 90.9996656 83.05201322 90.4916656 83.05201322 0 P 0 N
A 90.9996656 84.67762338 90.9996656 84.67762338 90.4916656 84.67762338 0 P 0 N
A 91.57539724 79.41982338 91.57539724 79.41982338 91.06739724 79.41982338 0 P 0 N
A 91.57539724 88.30982338 91.57539724 88.30982338 91.06739724 88.30982338 0 P 0 N
A 91.77859724 83.05201322 91.77859724 83.05201322 91.27059724 83.05201322 0 P 0 N
A 91.77859724 84.67762338 91.77859724 84.67762338 91.27059724 84.67762338 0 P 0 N
A 92.35432888 79.41982338 92.35432888 79.41982338 91.84632888 79.41982338 0 P 0 N
A 92.35432888 88.30982338 92.35432888 88.30982338 91.84632888 88.30982338 0 P 0 N
A 92.55752888 83.05201322 92.55752888 83.05201322 92.04952888 83.05201322 0 P 0 N
A 92.55752888 84.67762338 92.55752888 84.67762338 92.04952888 84.67762338 0 P 0 N
A 93.13326052 79.41982338 93.13326052 79.41982338 92.62526052 79.41982338 0 P 0 N
A 93.13326052 88.30982338 93.13326052 88.30982338 92.62526052 88.30982338 0 P 0 N
A 93.33646052 83.05201322 93.33646052 83.05201322 92.82846052 83.05201322 0 P 0 N
A 93.33646052 84.67762338 93.33646052 84.67762338 92.82846052 84.67762338 0 P 0 N
A 93.91219216 79.41982338 93.91219216 79.41982338 93.40419216 79.41982338 0 P 0 N
A 93.91219216 88.30982338 93.91219216 88.30982338 93.40419216 88.30982338 0 P 0 N
A 94.11539216 83.05201322 94.11539216 83.05201322 93.60739216 83.05201322 0 P 0 N
A 94.11539216 84.67762338 94.11539216 84.67762338 93.60739216 84.67762338 0 P 0 N
A 94.6911238 79.41982338 94.6911238 79.41982338 94.1831238 79.41982338 0 P 0 N
A 94.6911238 88.30982338 94.6911238 88.30982338 94.1831238 88.30982338 0 P 0 N
A 94.8943238 83.05201322 94.8943238 83.05201322 94.3863238 83.05201322 0 P 0 N
A 94.8943238 84.67762338 94.8943238 84.67762338 94.3863238 84.67762338 0 P 0 N
A 95.47005544 79.41982338 95.47005544 79.41982338 94.96205544 79.41982338 0 P 0 N
A 95.47005544 88.30982338 95.47005544 88.30982338 94.96205544 88.30982338 0 P 0 N
A 95.67325544 83.05201322 95.67325544 83.05201322 95.16525544 83.05201322 0 P 0 N
A 95.67325544 84.67762338 95.67325544 84.67762338 95.16525544 84.67762338 0 P 0 N
A 96.24898708 79.41982338 96.24898708 79.41982338 95.74098708 79.41982338 0 P 0 N
A 96.24898708 88.30982338 96.24898708 88.30982338 95.74098708 88.30982338 0 P 0 N
A 96.45218708 83.05201322 96.45218708 83.05201322 95.94418708 83.05201322 0 P 0 N
A 96.45218708 84.67762338 96.45218708 84.67762338 95.94418708 84.67762338 0 P 0 N
A 97.02791872 79.41982338 97.02791872 79.41982338 96.51991872 79.41982338 0 P 0 N
A 97.02791872 88.30982338 97.02791872 88.30982338 96.51991872 88.30982338 0 P 0 N
A 97.23111872 83.05201322 97.23111872 83.05201322 96.72311872 83.05201322 0 P 0 N
A 97.23111872 84.67762338 97.23111872 84.67762338 96.72311872 84.67762338 0 P 0 N
A 97.80685036 79.41982338 97.80685036 79.41982338 97.29885036 79.41982338 0 P 0 N
A 97.80685036 88.30982338 97.80685036 88.30982338 97.29885036 88.30982338 0 P 0 N
A 98.01005036 83.05201322 98.01005036 83.05201322 97.50205036 83.05201322 0 P 0 N
A 98.01005036 84.67762338 98.01005036 84.67762338 97.50205036 84.67762338 0 P 0 N
A 98.585782 79.41982338 98.585782 79.41982338 98.077782 79.41982338 0 P 0 N
A 98.585782 88.30982338 98.585782 88.30982338 98.077782 88.30982338 0 P 0 N
A 98.788982 83.05201322 98.788982 83.05201322 98.280982 83.05201322 0 P 0 N
A 98.788982 84.67762338 98.788982 84.67762338 98.280982 84.67762338 0 P 0 N
A 99.36471364 79.41982338 99.36471364 79.41982338 98.85671364 79.41982338 0 P 0 N
A 99.36471364 88.30982338 99.36471364 88.30982338 98.85671364 88.30982338 0 P 0 N
A 99.56791364 83.05201322 99.56791364 83.05201322 99.05991364 83.05201322 0 P 0 N
A 99.56791364 84.67762338 99.56791364 84.67762338 99.05991364 84.67762338 0 P 0 N
A 100.14364528 79.41982338 100.14364528 79.41982338 99.63564528 79.41982338 0 P 0 N
A 100.14364528 88.30982338 100.14364528 88.30982338 99.63564528 88.30982338 0 P 0 N
A 100.34684528 83.05201322 100.34684528 83.05201322 99.83884528 83.05201322 0 P 0 N
A 100.34684528 84.67762338 100.34684528 84.67762338 99.83884528 84.67762338 0 P 0 N
A 100.92257692 79.41982338 100.92257692 79.41982338 100.41457692 79.41982338 0 P 0 N
A 100.92257692 88.30982338 100.92257692 88.30982338 100.41457692 88.30982338 0 P 0 N
A 101.12577692 83.05201322 101.12577692 83.05201322 100.61777692 83.05201322 0 P 0 N
A 101.12577692 84.67762338 101.12577692 84.67762338 100.61777692 84.67762338 0 P 0 N
A 101.70150856 79.41982338 101.70150856 79.41982338 101.19350856 79.41982338 0 P 0 N
A 101.70150856 88.30982338 101.70150856 88.30982338 101.19350856 88.30982338 0 P 0 N
A 101.90470856 83.05201322 101.90470856 83.05201322 101.39670856 83.05201322 0 P 0 N
A 101.90470856 84.67762338 101.90470856 84.67762338 101.39670856 84.67762338 0 P 0 N
A 102.4804402 79.41982338 102.4804402 79.41982338 101.9724402 79.41982338 0 P 0 N
A 102.4804402 88.30982338 102.4804402 88.30982338 101.9724402 88.30982338 0 P 0 N
A 102.6836402 83.05201322 102.6836402 83.05201322 102.1756402 83.05201322 0 P 0 N
A 102.6836402 84.67762338 102.6836402 84.67762338 102.1756402 84.67762338 0 P 0 N
A 103.25937184 79.41982338 103.25937184 79.41982338 102.75137184 79.41982338 0 P 0 N
A 103.25937184 88.30982338 103.25937184 88.30982338 102.75137184 88.30982338 0 P 0 N
A 103.46257184 83.05201322 103.46257184 83.05201322 102.95457184 83.05201322 0 P 0 N
A 103.46257184 84.67762338 103.46257184 84.67762338 102.95457184 84.67762338 0 P 0 N
A 104.03830348 79.41982338 104.03830348 79.41982338 103.53030348 79.41982338 0 P 0 N
A 104.03830348 88.30982338 104.03830348 88.30982338 103.53030348 88.30982338 0 P 0 N
A 104.24150348 83.05201322 104.24150348 83.05201322 103.73350348 83.05201322 0 P 0 N
A 104.24150348 84.67762338 104.24150348 84.67762338 103.73350348 84.67762338 0 P 0 N
A 104.81723512 79.41982338 104.81723512 79.41982338 104.30923512 79.41982338 0 P 0 N
A 104.81723512 88.30982338 104.81723512 88.30982338 104.30923512 88.30982338 0 P 0 N
A 105.02043512 83.05201322 105.02043512 83.05201322 104.51243512 83.05201322 0 P 0 N
A 105.02043512 84.67762338 105.02043512 84.67762338 104.51243512 84.67762338 0 P 0 N
A 105.59616676 79.41982338 105.59616676 79.41982338 105.08816676 79.41982338 0 P 0 N
A 105.59616676 88.30982338 105.59616676 88.30982338 105.08816676 88.30982338 0 P 0 N
A 105.79936676 83.05201322 105.79936676 83.05201322 105.29136676 83.05201322 0 P 0 N
A 105.79936676 84.67762338 105.79936676 84.67762338 105.29136676 84.67762338 0 P 0 N
A 106.3750984 79.41982338 106.3750984 79.41982338 105.8670984 79.41982338 0 P 0 N
A 106.3750984 88.30982338 106.3750984 88.30982338 105.8670984 88.30982338 0 P 0 N
A 106.5782984 83.05201322 106.5782984 83.05201322 106.0702984 83.05201322 0 P 0 N
A 106.5782984 84.67762338 106.5782984 84.67762338 106.0702984 84.67762338 0 P 0 N
A 107.15403004 79.41982338 107.15403004 79.41982338 106.64603004 79.41982338 0 P 0 N
A 107.15403004 88.30982338 107.15403004 88.30982338 106.64603004 88.30982338 0 P 0 N
A 107.35723004 83.05201322 107.35723004 83.05201322 106.84923004 83.05201322 0 P 0 N
A 107.35723004 84.67762338 107.35723004 84.67762338 106.84923004 84.67762338 0 P 0 N
A 107.93296168 79.41982338 107.93296168 79.41982338 107.42496168 79.41982338 0 P 0 N
A 107.93296168 88.30982338 107.93296168 88.30982338 107.42496168 88.30982338 0 P 0 N
A 108.13616168 83.05201322 108.13616168 83.05201322 107.62816168 83.05201322 0 P 0 N
A 108.13616168 84.67762338 108.13616168 84.67762338 107.62816168 84.67762338 0 P 0 N
A 108.71189332 79.41982338 108.71189332 79.41982338 108.20389332 79.41982338 0 P 0 N
A 108.71189332 88.30982338 108.71189332 88.30982338 108.20389332 88.30982338 0 P 0 N
A 108.91509332 83.05201322 108.91509332 83.05201322 108.40709332 83.05201322 0 P 0 N
A 108.91509332 84.67762338 108.91509332 84.67762338 108.40709332 84.67762338 0 P 0 N
A 109.49082496 79.41982338 109.49082496 79.41982338 108.98282496 79.41982338 0 P 0 N
A 109.49082496 88.30982338 109.49082496 88.30982338 108.98282496 88.30982338 0 P 0 N
A 109.69402496 83.05201322 109.69402496 83.05201322 109.18602496 83.05201322 0 P 0 N
A 109.69402496 84.67762338 109.69402496 84.67762338 109.18602496 84.67762338 0 P 0 N
A 110.2697566 79.41982338 110.2697566 79.41982338 109.7617566 79.41982338 0 P 0 N
A 110.2697566 88.30982338 110.2697566 88.30982338 109.7617566 88.30982338 0 P 0 N
A 110.4729566 83.05201322 110.4729566 83.05201322 109.9649566 83.05201322 0 P 0 N
A 110.4729566 84.67762338 110.4729566 84.67762338 109.9649566 84.67762338 0 P 0 N
A 111.04868824 79.41982338 111.04868824 79.41982338 110.54068824 79.41982338 0 P 0 N
A 111.04868824 88.30982338 111.04868824 88.30982338 110.54068824 88.30982338 0 P 0 N
A 111.25188824 83.05201322 111.25188824 83.05201322 110.74388824 83.05201322 0 P 0 N
A 111.25188824 84.67762338 111.25188824 84.67762338 110.74388824 84.67762338 0 P 0 N
A 111.82761988 79.41982338 111.82761988 79.41982338 111.31961988 79.41982338 0 P 0 N
A 111.82761988 88.30982338 111.82761988 88.30982338 111.31961988 88.30982338 0 P 0 N
A 112.03081988 83.05201322 112.03081988 83.05201322 111.52281988 83.05201322 0 P 0 N
A 112.03081988 84.67762338 112.03081988 84.67762338 111.52281988 84.67762338 0 P 0 N
A 112.60655152 79.41982338 112.60655152 79.41982338 112.09855152 79.41982338 0 P 0 N
A 112.60655152 88.30982338 112.60655152 88.30982338 112.09855152 88.30982338 0 P 0 N
A 112.80975152 83.05201322 112.80975152 83.05201322 112.30175152 83.05201322 0 P 0 N
A 112.80975152 84.67762338 112.80975152 84.67762338 112.30175152 84.67762338 0 P 0 N
A 113.38548316 79.41982338 113.38548316 79.41982338 112.87748316 79.41982338 0 P 0 N
A 113.38548316 88.30982338 113.38548316 88.30982338 112.87748316 88.30982338 0 P 0 N
A 113.58868316 83.05201322 113.58868316 83.05201322 113.08068316 83.05201322 0 P 0 N
A 113.58868316 84.67762338 113.58868316 84.67762338 113.08068316 84.67762338 0 P 0 N
A 114.1644148 79.41982338 114.1644148 79.41982338 113.6564148 79.41982338 0 P 0 N
A 114.1644148 88.30982338 114.1644148 88.30982338 113.6564148 88.30982338 0 P 0 N
A 114.3676148 83.05201322 114.3676148 83.05201322 113.8596148 83.05201322 0 P 0 N
A 114.3676148 84.67762338 114.3676148 84.67762338 113.8596148 84.67762338 0 P 0 N
A 114.94334644 79.41982338 114.94334644 79.41982338 114.43534644 79.41982338 0 P 0 N
A 114.94334644 88.30982338 114.94334644 88.30982338 114.43534644 88.30982338 0 P 0 N
A 115.14654644 83.05201322 115.14654644 83.05201322 114.63854644 83.05201322 0 P 0 N
A 115.14654644 84.67762338 115.14654644 84.67762338 114.63854644 84.67762338 0 P 0 N
A 115.72227808 79.41982338 115.72227808 79.41982338 115.21427808 79.41982338 0 P 0 N
A 115.72227808 88.30982338 115.72227808 88.30982338 115.21427808 88.30982338 0 P 0 N
A 115.92547808 83.05201322 115.92547808 83.05201322 115.41747808 83.05201322 0 P 0 N
A 115.92547808 84.67762338 115.92547808 84.67762338 115.41747808 84.67762338 0 P 0 N
A 116.50120972 79.41982338 116.50120972 79.41982338 115.99320972 79.41982338 0 P 0 N
A 116.50120972 88.30982338 116.50120972 88.30982338 115.99320972 88.30982338 0 P 0 N
A 116.70440972 83.05201322 116.70440972 83.05201322 116.19640972 83.05201322 0 P 0 N
A 116.70440972 84.67762338 116.70440972 84.67762338 116.19640972 84.67762338 0 P 0 N
A 117.28014136 79.41982338 117.28014136 79.41982338 116.77214136 79.41982338 0 P 0 N
A 117.28014136 88.30982338 117.28014136 88.30982338 116.77214136 88.30982338 0 P 0 N
A 117.48334136 83.05201322 117.48334136 83.05201322 116.97534136 83.05201322 0 P 0 N
A 117.48334136 84.67762338 117.48334136 84.67762338 116.97534136 84.67762338 0 P 0 N
A 117.9322 79.06422338 117.9322 79.06422338 117.4242 79.06422338 0 P 0 N
A 117.9576 88.66542338 117.9576 88.66542338 117.4496 88.66542338 0 P 0 N
A 118.262273 83.05201322 118.262273 83.05201322 117.754273 83.05201322 0 P 0 N
A 118.262273 84.67762338 118.262273 84.67762338 117.754273 84.67762338 0 P 0 N
A 118.4402 78.58162338 118.4402 78.58162338 117.9322 78.58162338 0 P 0 N
A 119.04120464 83.05201322 119.04120464 83.05201322 118.53320464 83.05201322 0 P 0 N
A 119.04120464 84.67762338 119.04120464 84.67762338 118.53320464 84.67762338 0 P 0 N
A 119.10536504 89.50470288 119.10536504 89.50470288 118.59736504 89.50470288 0 P 0 N
A 119.82013628 83.05201322 119.82013628 83.05201322 119.31213628 83.05201322 0 P 0 N
A 119.82013628 84.67762338 119.82013628 84.67762338 119.31213628 84.67762338 0 P 0 N
A 119.82860464 78.22602338 119.82860464 78.22602338 119.32060464 78.22602338 0 P 0 N
A 119.82860464 89.50362338 119.82860464 89.50362338 119.32060464 89.50362338 0 P 0 N
A 120.59906792 83.05201322 120.59906792 83.05201322 120.09106792 83.05201322 0 P 0 N
A 120.59906792 84.67762338 120.59906792 84.67762338 120.09106792 84.67762338 0 P 0 N
A 120.60753628 78.22602338 120.60753628 78.22602338 120.09953628 78.22602338 0 P 0 N
A 120.60753628 89.50362338 120.60753628 89.50362338 120.09953628 89.50362338 0 P 0 N
A 121.37799956 83.05201322 121.37799956 83.05201322 120.86999956 83.05201322 0 P 0 N
A 121.37799956 84.67762338 121.37799956 84.67762338 120.86999956 84.67762338 0 P 0 N
A 121.38646792 78.22602338 121.38646792 78.22602338 120.87846792 78.22602338 0 P 0 N
A 121.38646792 89.50362338 121.38646792 89.50362338 120.87846792 89.50362338 0 P 0 N
A 122.1569312 83.05201322 122.1569312 83.05201322 121.6489312 83.05201322 0 P 0 N
A 122.1569312 84.67762338 122.1569312 84.67762338 121.6489312 84.67762338 0 P 0 N
A 122.16539956 78.22602338 122.16539956 78.22602338 121.65739956 78.22602338 0 P 0 N
A 122.16539956 89.50362338 122.16539956 89.50362338 121.65739956 89.50362338 0 P 0 N
A 122.93586284 83.05201322 122.93586284 83.05201322 122.42786284 83.05201322 0 P 0 N
A 122.93586284 84.67762338 122.93586284 84.67762338 122.42786284 84.67762338 0 P 0 N
A 122.9443312 78.22602338 122.9443312 78.22602338 122.4363312 78.22602338 0 P 0 N
A 122.9443312 89.50362338 122.9443312 89.50362338 122.4363312 89.50362338 0 P 0 N
A 123.71479448 83.05201322 123.71479448 83.05201322 123.20679448 83.05201322 0 P 0 N
A 123.71479448 84.67762338 123.71479448 84.67762338 123.20679448 84.67762338 0 P 0 N
A 123.72326284 78.22602338 123.72326284 78.22602338 123.21526284 78.22602338 0 P 0 N
A 123.72326284 89.50362338 123.72326284 89.50362338 123.21526284 89.50362338 0 P 0 N
A 124.49372612 83.05201322 124.49372612 83.05201322 123.98572612 83.05201322 0 P 0 N
A 124.49372612 84.67762338 124.49372612 84.67762338 123.98572612 84.67762338 0 P 0 N
A 124.50219448 78.22602338 124.50219448 78.22602338 123.99419448 78.22602338 0 P 0 N
A 124.50219448 89.50362338 124.50219448 89.50362338 123.99419448 89.50362338 0 P 0 N
A 125.27265776 83.05201322 125.27265776 83.05201322 124.76465776 83.05201322 0 P 0 N
A 125.27265776 84.67762338 125.27265776 84.67762338 124.76465776 84.67762338 0 P 0 N
A 125.28112612 78.22602338 125.28112612 78.22602338 124.77312612 78.22602338 0 P 0 N
A 125.28112612 89.50362338 125.28112612 89.50362338 124.77312612 89.50362338 0 P 0 N
A 126.0515894 83.05201322 126.0515894 83.05201322 125.5435894 83.05201322 0 P 0 N
A 126.0515894 84.67762338 126.0515894 84.67762338 125.5435894 84.67762338 0 P 0 N
A 126.06005776 78.22602338 126.06005776 78.22602338 125.55205776 78.22602338 0 P 0 N
A 126.06005776 89.50362338 126.06005776 89.50362338 125.55205776 89.50362338 0 P 0 N
A 126.83052104 83.05201322 126.83052104 83.05201322 126.32252104 83.05201322 0 P 0 N
A 126.83052104 84.67762338 126.83052104 84.67762338 126.32252104 84.67762338 0 P 0 N
A 126.8389894 78.22602338 126.8389894 78.22602338 126.3309894 78.22602338 0 P 0 N
A 126.8389894 89.50362338 126.8389894 89.50362338 126.3309894 89.50362338 0 P 0 N
A 127.60945268 83.05201322 127.60945268 83.05201322 127.10145268 83.05201322 0 P 0 N
A 127.60945268 84.67762338 127.60945268 84.67762338 127.10145268 84.67762338 0 P 0 N
A 127.61792104 78.22602338 127.61792104 78.22602338 127.10992104 78.22602338 0 P 0 N
A 127.61792104 89.50362338 127.61792104 89.50362338 127.10992104 89.50362338 0 P 0 N
A 128.38838432 83.05201322 128.38838432 83.05201322 127.88038432 83.05201322 0 P 0 N
A 128.38838432 84.67762338 128.38838432 84.67762338 127.88038432 84.67762338 0 P 0 N
A 128.39685268 78.22602338 128.39685268 78.22602338 127.88885268 78.22602338 0 P 0 N
A 128.39685268 89.50362338 128.39685268 89.50362338 127.88885268 89.50362338 0 P 0 N
A 129.16731596 83.05201322 129.16731596 83.05201322 128.65931596 83.05201322 0 P 0 N
A 129.16731596 84.67762338 129.16731596 84.67762338 128.65931596 84.67762338 0 P 0 N
A 129.17578432 78.22602338 129.17578432 78.22602338 128.66778432 78.22602338 0 P 0 N
A 129.17578432 89.50362338 129.17578432 89.50362338 128.66778432 89.50362338 0 P 0 N
A 129.9462476 83.05201322 129.9462476 83.05201322 129.4382476 83.05201322 0 P 0 N
A 129.9462476 84.67762338 129.9462476 84.67762338 129.4382476 84.67762338 0 P 0 N
A 129.95471596 78.22602338 129.95471596 78.22602338 129.44671596 78.22602338 0 P 0 N
A 129.95471596 89.50362338 129.95471596 89.50362338 129.44671596 89.50362338 0 P 0 N
A 130.72517924 83.05201322 130.72517924 83.05201322 130.21717924 83.05201322 0 P 0 N
A 130.72517924 84.67762338 130.72517924 84.67762338 130.21717924 84.67762338 0 P 0 N
A 130.7336476 78.22602338 130.7336476 78.22602338 130.2256476 78.22602338 0 P 0 N
A 130.7336476 89.50362338 130.7336476 89.50362338 130.2256476 89.50362338 0 P 0 N
A 131.50411088 83.05201322 131.50411088 83.05201322 130.99611088 83.05201322 0 P 0 N
A 131.50411088 84.67762338 131.50411088 84.67762338 130.99611088 84.67762338 0 P 0 N
A 131.51257924 78.22602338 131.51257924 78.22602338 131.00457924 78.22602338 0 P 0 N
A 131.51257924 89.50362338 131.51257924 89.50362338 131.00457924 89.50362338 0 P 0 N
A 132.28304252 83.05201322 132.28304252 83.05201322 131.77504252 83.05201322 0 P 0 N
A 132.28304252 84.67762338 132.28304252 84.67762338 131.77504252 84.67762338 0 P 0 N
A 132.29151088 78.22602338 132.29151088 78.22602338 131.78351088 78.22602338 0 P 0 N
A 132.29151088 89.50362338 132.29151088 89.50362338 131.78351088 89.50362338 0 P 0 N
A 133.06197416 83.05201322 133.06197416 83.05201322 132.55397416 83.05201322 0 P 0 N
A 133.06197416 84.67762338 133.06197416 84.67762338 132.55397416 84.67762338 0 P 0 N
A 133.07044252 78.22602338 133.07044252 78.22602338 132.56244252 78.22602338 0 P 0 N
A 133.07044252 89.50362338 133.07044252 89.50362338 132.56244252 89.50362338 0 P 0 N
A 133.8409058 83.05201322 133.8409058 83.05201322 133.3329058 83.05201322 0 P 0 N
A 133.8409058 84.67762338 133.8409058 84.67762338 133.3329058 84.67762338 0 P 0 N
A 133.84937416 78.22602338 133.84937416 78.22602338 133.34137416 78.22602338 0 P 0 N
A 133.84937416 89.50362338 133.84937416 89.50362338 133.34137416 89.50362338 0 P 0 N
A 134.61983744 83.05201322 134.61983744 83.05201322 134.11183744 83.05201322 0 P 0 N
A 134.61983744 84.67762338 134.61983744 84.67762338 134.11183744 84.67762338 0 P 0 N
A 134.6283058 78.22602338 134.6283058 78.22602338 134.1203058 78.22602338 0 P 0 N
A 134.6283058 89.50362338 134.6283058 89.50362338 134.1203058 89.50362338 0 P 0 N
A 135.39876908 83.05201322 135.39876908 83.05201322 134.89076908 83.05201322 0 P 0 N
A 135.39876908 84.67762338 135.39876908 84.67762338 134.89076908 84.67762338 0 P 0 N
A 135.40723744 78.22602338 135.40723744 78.22602338 134.89923744 78.22602338 0 P 0 N
A 135.40723744 89.50362338 135.40723744 89.50362338 134.89923744 89.50362338 0 P 0 N
A 136.17770072 83.05201322 136.17770072 83.05201322 135.66970072 83.05201322 0 P 0 N
A 136.17770072 84.67762338 136.17770072 84.67762338 135.66970072 84.67762338 0 P 0 N
A 136.18616908 78.22602338 136.18616908 78.22602338 135.67816908 78.22602338 0 P 0 N
A 136.18616908 89.50362338 136.18616908 89.50362338 135.67816908 89.50362338 0 P 0 N
A 136.95663236 83.05201322 136.95663236 83.05201322 136.44863236 83.05201322 0 P 0 N
A 136.95663236 84.67762338 136.95663236 84.67762338 136.44863236 84.67762338 0 P 0 N
A 136.96510072 78.22602338 136.96510072 78.22602338 136.45710072 78.22602338 0 P 0 N
A 136.96510072 89.50362338 136.96510072 89.50362338 136.45710072 89.50362338 0 P 0 N
A 137.735564 83.05201322 137.735564 83.05201322 137.227564 83.05201322 0 P 0 N
A 137.735564 84.67762338 137.735564 84.67762338 137.227564 84.67762338 0 P 0 N
A 137.74403236 78.22602338 137.74403236 78.22602338 137.23603236 78.22602338 0 P 0 N
A 137.74403236 89.50362338 137.74403236 89.50362338 137.23603236 89.50362338 0 P 0 N
A 138.51449564 83.05201322 138.51449564 83.05201322 138.00649564 83.05201322 0 P 0 N
A 138.51449564 84.67762338 138.51449564 84.67762338 138.00649564 84.67762338 0 P 0 N
A 138.522964 78.22602338 138.522964 78.22602338 138.014964 78.22602338 0 P 0 N
A 138.522964 89.50362338 138.522964 89.50362338 138.014964 89.50362338 0 P 0 N
A 139.29342728 83.05201322 139.29342728 83.05201322 138.78542728 83.05201322 0 P 0 N
A 139.29342728 84.67762338 139.29342728 84.67762338 138.78542728 84.67762338 0 P 0 N
A 139.30189564 78.22602338 139.30189564 78.22602338 138.79389564 78.22602338 0 P 0 N
A 139.30189564 89.50362338 139.30189564 89.50362338 138.79389564 89.50362338 0 P 0 N
A 140.07235892 83.05201322 140.07235892 83.05201322 139.56435892 83.05201322 0 P 0 N
A 140.07235892 84.67762338 140.07235892 84.67762338 139.56435892 84.67762338 0 P 0 N
A 140.08082728 78.22602338 140.08082728 78.22602338 139.57282728 78.22602338 0 P 0 N
A 140.08082728 89.50362338 140.08082728 89.50362338 139.57282728 89.50362338 0 P 0 N
A 140.85129056 83.05201322 140.85129056 83.05201322 140.34329056 83.05201322 0 P 0 N
A 140.85129056 84.67762338 140.85129056 84.67762338 140.34329056 84.67762338 0 P 0 N
A 140.85975892 78.22602338 140.85975892 78.22602338 140.35175892 78.22602338 0 P 0 N
A 140.85975892 89.50362338 140.85975892 89.50362338 140.35175892 89.50362338 0 P 0 N
A 141.00800094 81.00000056 141.00800094 81.00000056 140.50000094 81.00000056 0 P 0 N
A 141.00800094 82.0000011 141.00800094 82.0000011 140.50000094 82.0000011 0 P 0 N
A 141.50799994 85.49999918 141.50799994 85.49999918 140.99999994 85.49999918 0 P 0 N
A 141.50799994 86.49999972 141.50799994 86.49999972 140.99999994 86.49999972 0 P 0 N
A 141.63869056 78.22602338 141.63869056 78.22602338 141.13069056 78.22602338 0 P 0 N
A 141.63869056 89.50362338 141.63869056 89.50362338 141.13069056 89.50362338 0 P 0 N
A 142.4176222 78.22602338 142.4176222 78.22602338 141.9096222 78.22602338 0 P 0 N
A 142.4176222 89.50362338 142.4176222 89.50362338 141.9096222 89.50362338 0 P 0 N
A 142.50800048 79.50000102 142.50800048 79.50000102 142.00000048 79.50000102 0 P 0 N
A 142.50800048 87.99999926 142.50800048 87.99999926 142.00000048 87.99999926 0 P 0 N
A 143.19655384 78.22602338 143.19655384 78.22602338 142.68855384 78.22602338 0 P 0 N
A 143.19655384 89.50362338 143.19655384 89.50362338 142.68855384 89.50362338 0 P 0 N
A 143.50800102 79.50000102 143.50800102 79.50000102 143.00000102 79.50000102 0 P 0 N
A 143.50800102 87.99999926 143.50800102 87.99999926 143.00000102 87.99999926 0 P 0 N
A 143.97548548 78.22602338 143.97548548 78.22602338 143.46748548 78.22602338 0 P 0 N
A 143.97548548 89.50362338 143.97548548 89.50362338 143.46748548 89.50362338 0 P 0 N
A 144.50799902 79.50000102 144.50799902 79.50000102 143.99999902 79.50000102 0 P 0 N
A 144.50799902 87.99999926 144.50799902 87.99999926 143.99999902 87.99999926 0 P 0 N
A 144.75441712 78.22602338 144.75441712 78.22602338 144.24641712 78.22602338 0 P 0 N
A 144.75441712 89.50362338 144.75441712 89.50362338 144.24641712 89.50362338 0 P 0 N
A 145.50799956 79.50000102 145.50799956 79.50000102 144.99999956 79.50000102 0 P 0 N
A 145.50799956 87.99999926 145.50799956 87.99999926 144.99999956 87.99999926 0 P 0 N
A 145.53334876 78.22602338 145.53334876 78.22602338 145.02534876 78.22602338 0 P 0 N
A 145.53334876 89.50362338 145.53334876 89.50362338 145.02534876 89.50362338 0 P 0 N
A 146.5080001 79.50000102 146.5080001 79.50000102 146.0000001 79.50000102 0 P 0 N
A 146.5080001 87.99999926 146.5080001 87.99999926 146.0000001 87.99999926 0 P 0 N
A 146.5080001 88.9999998 146.5080001 88.9999998 146.0000001 88.9999998 0 P 0 N
L 53.04999804 84.37282338 53.55799804 83.35682338 1 P 0
L 53.04999804 84.37282338 54.06599804 84.37282338 1 P 0
L 53.55799804 83.35682338 54.06599804 84.37282338 1 P 0
