UNITS=MM
#Layer_Color=9474304
#
#Feature symbol names
#
$0 r127

#
#Feature attribute names
#

#
#Layer features
#
L 48.0592003 82.03602338 48.3591997 82.03602338 0 P 0
L 48.0592003 85.69362338 48.3591997 85.69362338 0 P 0
L 48.2092 81.88602368 48.2092 82.18602308 0 P 0
L 48.2092 85.54362368 48.2092 85.84362308 0 P 0
L 48.3386003 81.32482338 48.6385997 81.32482338 0 P 0
L 48.3386003 86.40482338 48.6385997 86.40482338 0 P 0
L 48.4886 81.17482368 48.4886 81.47482308 0 P 0
L 48.4886 86.25482368 48.4886 86.55482308 0 P 0
L 48.7196003 87.09062338 49.0195997 87.09062338 0 P 0
L 48.8696 86.94062368 48.8696 87.24062308 0 P 0
L 49.2276003 80.08022338 49.5275997 80.08022338 0 P 0
L 49.3776 79.93022368 49.3776 80.23022308 0 P 0
L 49.7610003 82.08682338 50.0609997 82.08682338 0 P 0
L 49.7610003 88.18282338 50.0609997 88.18282338 0 P 0
L 49.8118003 85.66822338 50.1117997 85.66822338 0 P 0
L 49.911 81.93682368 49.911 82.23682308 0 P 0
L 49.911 88.03282368 49.911 88.33282308 0 P 0
L 49.9618 85.51822368 49.9618 85.81822308 0 P 0
L 50.05799742 83.86482338 57.05799866 83.86482338 0 P 0
L 50.3452003 79.11502338 50.6451997 79.11502338 0 P 0
L 50.4952 78.96502368 50.4952 79.26502308 0 P 0
L 50.6246003 80.89302338 50.9245997 80.89302338 0 P 0
L 50.7262003 86.83662338 51.0261997 86.83662338 0 P 0
L 50.7746 80.74302368 50.7746 81.04302308 0 P 0
L 50.8762 86.68662368 50.8762 86.98662308 0 P 0
L 51.0056003 78.73402338 51.3055997 78.73402338 0 P 0
L 51.0056003 88.99562338 51.3055997 88.99562338 0 P 0
L 51.1556 78.58402368 51.1556 78.88402308 0 P 0
L 51.1556 88.84562368 51.1556 89.14562308 0 P 0
L 51.2342003 80.43582338 51.5341997 80.43582338 0 P 0
L 51.3104003 87.29382338 51.6103997 87.29382338 0 P 0
L 51.3842 80.28582368 51.3842 80.58582308 0 P 0
L 51.4604 87.14382368 51.4604 87.44382308 0 P 0
L 51.7168003 78.48002338 52.0167997 78.48002338 0 P 0
L 51.7168003 89.24962338 52.0167997 89.24962338 0 P 0
L 51.8668 78.33002368 51.8668 78.63002308 0 P 0
L 51.8668 89.09962368 51.8668 89.39962308 0 P 0
L 51.8946003 80.08022338 52.1945997 80.08022338 0 P 0
L 51.9962003 87.62402338 52.2961997 87.62402338 0 P 0
L 52.0446 79.93022368 52.0446 80.23022308 0 P 0
L 52.1462 87.47402368 52.1462 87.77402308 0 P 0
L 52.4534003 78.30222338 52.7533997 78.30222338 0 P 0
L 52.4534003 89.42742338 52.7533997 89.42742338 0 P 0
L 52.6034 78.15222368 52.6034 78.45222308 0 P 0
L 52.6034 89.27742368 52.6034 89.57742308 0 P 0
L 52.6058003 79.82622338 52.9057997 79.82622338 0 P 0
L 52.7558 79.67622368 52.7558 79.97622308 0 P 0
L 52.7582003 87.80182338 53.0581997 87.80182338 0 P 0
L 52.9082 87.65182368 52.9082 87.95182308 0 P 0
L 53.2408003 78.22602338 53.5407997 78.22602338 0 P 0
L 53.2408003 89.50362338 53.5407997 89.50362338 0 P 0
L 53.3424003 79.72462338 53.6423997 79.72462338 0 P 0
L 53.3908 78.07602368 53.3908 78.37602308 0 P 0
L 53.3908 89.35362368 53.3908 89.65362308 0 P 0
L 53.4924 79.57462368 53.4924 79.87462308 0 P 0
L 53.5202003 87.87802338 53.8201997 87.87802338 0 P 0
L 53.55799804 80.36482276 53.55799804 87.364824 0 P 0
L 53.6702 87.72802368 53.6702 88.02802308 0 P 0
L 54.01333876 78.24779118 54.31333816 78.24779118 0 P 0
L 54.01333876 89.48185558 54.31333816 89.48185558 0 P 0
L 54.1044003 79.77542338 54.4043997 79.77542338 0 P 0
L 54.16333846 78.09779148 54.16333846 78.39779088 0 P 0
L 54.16333846 89.33185588 54.16333846 89.63185528 0 P 0
L 54.2544 79.62542368 54.2544 79.92542308 0 P 0
L 54.2822003 87.82722338 54.5821997 87.82722338 0 P 0
L 54.4322 87.67722368 54.4322 87.97722308 0 P 0
L 54.743731 78.4206331 55.0437304 78.4206331 0 P 0
L 54.743731 89.30901366 55.0437304 89.30901366 0 P 0
L 54.8410003 79.95322338 55.1409997 79.95322338 0 P 0
L 54.8937307 78.2706334 54.8937307 78.5706328 0 P 0
L 54.8937307 89.15901396 54.8937307 89.45901336 0 P 0
L 54.991 79.80322368 54.991 80.10322308 0 P 0
L 54.9934003 87.59862338 55.2933997 87.59862338 0 P 0
L 55.1434 87.44862368 55.1434 87.74862308 0 P 0
L 55.4506003 78.63242338 55.7505997 78.63242338 0 P 0
L 55.4506003 89.09722338 55.7505997 89.09722338 0 P 0
L 55.51772742 80.2553513 55.81772682 80.2553513 0 P 0
L 55.6006 78.48242368 55.6006 78.78242308 0 P 0
L 55.6006 88.94722368 55.6006 89.24722308 0 P 0
L 55.6538003 87.21762338 55.9537997 87.21762338 0 P 0
L 55.66772712 80.1053516 55.66772712 80.405351 0 P 0
L 55.8038 87.06762368 55.8038 87.36762308 0 P 0
L 56.11597362 80.71250558 56.41597302 80.71250558 0 P 0
L 56.1364003 78.91182338 56.4363997 78.91182338 0 P 0
L 56.1364003 88.81782338 56.4363997 88.81782338 0 P 0
L 56.26597332 80.56250588 56.26597332 80.86250528 0 P 0
L 56.2864 78.76182368 56.2864 79.06182308 0 P 0
L 56.2864 88.66782368 56.2864 88.96782308 0 P 0
L 56.7206003 86.17622338 57.0205997 86.17622338 0 P 0
L 56.77222072 79.29422038 57.07222012 79.29422038 0 P 0
L 56.77222072 88.43542638 57.07222012 88.43542638 0 P 0
L 56.8706 86.02622368 56.8706 86.32622308 0 P 0
L 56.92222042 79.14422068 56.92222042 79.44422008 0 P 0
L 56.92222042 88.28542668 56.92222042 88.58542608 0 P 0
L 57.0508003 81.88362338 57.3507997 81.88362338 0 P 0
L 57.0762003 85.54122338 57.3761997 85.54122338 0 P 0
L 57.2008 81.73362368 57.2008 82.03362308 0 P 0
L 57.2262 85.39122368 57.2262 85.69122308 0 P 0
L 57.3048003 84.83002338 57.6047997 84.83002338 0 P 0
L 57.4064003 83.35682338 57.7063997 83.35682338 0 P 0
L 57.4064003 84.09342338 57.7063997 84.09342338 0 P 0
L 57.4548 84.68002368 57.4548 84.98002308 0 P 0
L 57.4572003 79.72461322 57.7571997 79.72461322 0 P 0
L 57.4572003 88.00502338 57.7571997 88.00502338 0 P 0
L 57.5564 83.20682368 57.5564 83.50682308 0 P 0
L 57.5564 83.94342368 57.5564 84.24342308 0 P 0
L 57.6072 79.57461352 57.6072 79.87461292 0 P 0
L 57.6072 87.85502368 57.6072 88.15502308 0 P 0
L 58.20226866 79.41982338 58.50226806 79.41982338 0 P 0
L 58.33203726 82.9965828 58.63203666 82.9965828 0 P 0
L 58.35226836 79.26982368 58.35226836 79.56982308 0 P 0
L 58.3970003 80.94381322 58.6969997 80.94381322 0 P 0
L 58.3970003 86.78582338 58.6969997 86.78582338 0 P 0
L 58.48203696 82.8465831 58.48203696 83.1465825 0 P 0
L 58.547 80.79381352 58.547 81.09381292 0 P 0
L 58.547 86.63582368 58.547 86.93582308 0 P 0
L 58.7526003 81.62961322 59.0525997 81.62961322 0 P 0
L 58.7526003 86.10002338 59.0525997 86.10002338 0 P 0
L 58.9026 81.47961352 58.9026 81.77961292 0 P 0
L 58.9026 85.95002368 58.9026 86.25002308 0 P 0
L 58.9812003 79.41982338 59.2811997 79.41982338 0 P 0
L 58.9812003 88.30982338 59.2811997 88.30982338 0 P 0
L 59.0066003 82.31541322 59.3065997 82.31541322 0 P 0
L 59.0066003 85.41422338 59.3065997 85.41422338 0 P 0
L 59.1312 79.26982368 59.1312 79.56982308 0 P 0
L 59.1312 88.15982368 59.1312 88.45982308 0 P 0
L 59.1566 82.16541352 59.1566 82.46541292 0 P 0
L 59.1566 85.26422368 59.1566 85.56422308 0 P 0
L 59.1844003 84.67762338 59.4843997 84.67762338 0 P 0
L 59.3344 84.52762368 59.3344 84.82762308 0 P 0
L 59.76013194 79.41982338 60.06013134 79.41982338 0 P 0
L 59.76013194 88.30982338 60.06013134 88.30982338 0 P 0
L 59.91013164 79.26982368 59.91013164 79.56982308 0 P 0
L 59.91013164 88.15982368 59.91013164 88.45982308 0 P 0
L 59.96333194 83.05201322 60.26333134 83.05201322 0 P 0
L 59.96333194 84.67762338 60.26333134 84.67762338 0 P 0
L 60.11333164 82.90201352 60.11333164 83.20201292 0 P 0
L 60.11333164 84.52762368 60.11333164 84.82762308 0 P 0
L 60.53906358 79.41982338 60.83906298 79.41982338 0 P 0
L 60.53906358 88.30982338 60.83906298 88.30982338 0 P 0
L 60.68906328 79.26982368 60.68906328 79.56982308 0 P 0
L 60.68906328 88.15982368 60.68906328 88.45982308 0 P 0
L 60.74226358 83.05201322 61.04226298 83.05201322 0 P 0
L 60.74226358 84.67762338 61.04226298 84.67762338 0 P 0
L 60.89226328 82.90201352 60.89226328 83.20201292 0 P 0
L 60.89226328 84.52762368 60.89226328 84.82762308 0 P 0
L 61.31799522 79.41982338 61.61799462 79.41982338 0 P 0
L 61.31799522 88.30982338 61.61799462 88.30982338 0 P 0
L 61.46799492 79.26982368 61.46799492 79.56982308 0 P 0
L 61.46799492 88.15982368 61.46799492 88.45982308 0 P 0
L 61.52119522 83.05201322 61.82119462 83.05201322 0 P 0
L 61.52119522 84.67762338 61.82119462 84.67762338 0 P 0
L 61.67119492 82.90201352 61.67119492 83.20201292 0 P 0
L 61.67119492 84.52762368 61.67119492 84.82762308 0 P 0
L 62.09692686 79.41982338 62.39692626 79.41982338 0 P 0
L 62.09692686 88.30982338 62.39692626 88.30982338 0 P 0
L 62.24692656 79.26982368 62.24692656 79.56982308 0 P 0
L 62.24692656 88.15982368 62.24692656 88.45982308 0 P 0
L 62.30012686 83.05201322 62.60012626 83.05201322 0 P 0
L 62.30012686 84.67762338 62.60012626 84.67762338 0 P 0
L 62.45012656 82.90201352 62.45012656 83.20201292 0 P 0
L 62.45012656 84.52762368 62.45012656 84.82762308 0 P 0
L 62.8758585 79.41982338 63.1758579 79.41982338 0 P 0
L 62.8758585 88.30982338 63.1758579 88.30982338 0 P 0
L 63.0258582 79.26982368 63.0258582 79.56982308 0 P 0
L 63.0258582 88.15982368 63.0258582 88.45982308 0 P 0
L 63.0790585 83.05201322 63.3790579 83.05201322 0 P 0
L 63.0790585 84.67762338 63.3790579 84.67762338 0 P 0
L 63.2290582 82.90201352 63.2290582 83.20201292 0 P 0
L 63.2290582 84.52762368 63.2290582 84.82762308 0 P 0
L 63.65479014 79.41982338 63.95478954 79.41982338 0 P 0
L 63.65479014 88.30982338 63.95478954 88.30982338 0 P 0
L 63.80478984 79.26982368 63.80478984 79.56982308 0 P 0
L 63.80478984 88.15982368 63.80478984 88.45982308 0 P 0
L 63.85799014 83.05201322 64.15798954 83.05201322 0 P 0
L 63.85799014 84.67762338 64.15798954 84.67762338 0 P 0
L 64.00798984 82.90201352 64.00798984 83.20201292 0 P 0
L 64.00798984 84.52762368 64.00798984 84.82762308 0 P 0
L 64.43372178 79.41982338 64.73372118 79.41982338 0 P 0
L 64.43372178 88.30982338 64.73372118 88.30982338 0 P 0
L 64.58372148 79.26982368 64.58372148 79.56982308 0 P 0
L 64.58372148 88.15982368 64.58372148 88.45982308 0 P 0
L 64.63692178 83.05201322 64.93692118 83.05201322 0 P 0
L 64.63692178 84.67762338 64.93692118 84.67762338 0 P 0
L 64.78692148 82.90201352 64.78692148 83.20201292 0 P 0
L 64.78692148 84.52762368 64.78692148 84.82762308 0 P 0
L 65.21265342 79.41982338 65.51265282 79.41982338 0 P 0
L 65.21265342 88.30982338 65.51265282 88.30982338 0 P 0
L 65.36265312 79.26982368 65.36265312 79.56982308 0 P 0
L 65.36265312 88.15982368 65.36265312 88.45982308 0 P 0
L 65.41585342 83.05201322 65.71585282 83.05201322 0 P 0
L 65.41585342 84.67762338 65.71585282 84.67762338 0 P 0
L 65.56585312 82.90201352 65.56585312 83.20201292 0 P 0
L 65.56585312 84.52762368 65.56585312 84.82762308 0 P 0
L 65.99158506 79.41982338 66.29158446 79.41982338 0 P 0
L 65.99158506 88.30982338 66.29158446 88.30982338 0 P 0
L 66.14158476 79.26982368 66.14158476 79.56982308 0 P 0
L 66.14158476 88.15982368 66.14158476 88.45982308 0 P 0
L 66.19478506 83.05201322 66.49478446 83.05201322 0 P 0
L 66.19478506 84.67762338 66.49478446 84.67762338 0 P 0
L 66.34478476 82.90201352 66.34478476 83.20201292 0 P 0
L 66.34478476 84.52762368 66.34478476 84.82762308 0 P 0
L 66.7705167 79.41982338 67.0705161 79.41982338 0 P 0
L 66.7705167 88.30982338 67.0705161 88.30982338 0 P 0
L 66.9205164 79.26982368 66.9205164 79.56982308 0 P 0
L 66.9205164 88.15982368 66.9205164 88.45982308 0 P 0
L 66.9737167 83.05201322 67.2737161 83.05201322 0 P 0
L 66.9737167 84.67762338 67.2737161 84.67762338 0 P 0
L 67.1237164 82.90201352 67.1237164 83.20201292 0 P 0
L 67.1237164 84.52762368 67.1237164 84.82762308 0 P 0
L 67.54944834 79.41982338 67.84944774 79.41982338 0 P 0
L 67.54944834 88.30982338 67.84944774 88.30982338 0 P 0
L 67.69944804 79.26982368 67.69944804 79.56982308 0 P 0
L 67.69944804 88.15982368 67.69944804 88.45982308 0 P 0
L 67.75264834 83.05201322 68.05264774 83.05201322 0 P 0
L 67.75264834 84.67762338 68.05264774 84.67762338 0 P 0
L 67.90264804 82.90201352 67.90264804 83.20201292 0 P 0
L 67.90264804 84.52762368 67.90264804 84.82762308 0 P 0
L 68.32837998 79.41982338 68.62837938 79.41982338 0 P 0
L 68.32837998 88.30982338 68.62837938 88.30982338 0 P 0
L 68.47837968 79.26982368 68.47837968 79.56982308 0 P 0
L 68.47837968 88.15982368 68.47837968 88.45982308 0 P 0
L 68.53157998 83.05201322 68.83157938 83.05201322 0 P 0
L 68.53157998 84.67762338 68.83157938 84.67762338 0 P 0
L 68.68157968 82.90201352 68.68157968 83.20201292 0 P 0
L 68.68157968 84.52762368 68.68157968 84.82762308 0 P 0
L 69.10731162 79.41982338 69.40731102 79.41982338 0 P 0
L 69.10731162 88.30982338 69.40731102 88.30982338 0 P 0
L 69.25731132 79.26982368 69.25731132 79.56982308 0 P 0
L 69.25731132 88.15982368 69.25731132 88.45982308 0 P 0
L 69.31051162 83.05201322 69.61051102 83.05201322 0 P 0
L 69.31051162 84.67762338 69.61051102 84.67762338 0 P 0
L 69.46051132 82.90201352 69.46051132 83.20201292 0 P 0
L 69.46051132 84.52762368 69.46051132 84.82762308 0 P 0
L 69.88624326 79.41982338 70.18624266 79.41982338 0 P 0
L 69.88624326 88.30982338 70.18624266 88.30982338 0 P 0
L 70.03624296 79.26982368 70.03624296 79.56982308 0 P 0
L 70.03624296 88.15982368 70.03624296 88.45982308 0 P 0
L 70.08944326 83.05201322 70.38944266 83.05201322 0 P 0
L 70.08944326 84.67762338 70.38944266 84.67762338 0 P 0
L 70.23944296 82.90201352 70.23944296 83.20201292 0 P 0
L 70.23944296 84.52762368 70.23944296 84.82762308 0 P 0
L 70.6651749 79.41982338 70.9651743 79.41982338 0 P 0
L 70.6651749 88.30982338 70.9651743 88.30982338 0 P 0
L 70.8151746 79.26982368 70.8151746 79.56982308 0 P 0
L 70.8151746 88.15982368 70.8151746 88.45982308 0 P 0
L 70.8683749 83.05201322 71.1683743 83.05201322 0 P 0
L 70.8683749 84.67762338 71.1683743 84.67762338 0 P 0
L 71.0183746 82.90201352 71.0183746 83.20201292 0 P 0
L 71.0183746 84.52762368 71.0183746 84.82762308 0 P 0
L 71.44410654 79.41982338 71.74410594 79.41982338 0 P 0
L 71.44410654 88.30982338 71.74410594 88.30982338 0 P 0
L 71.59410624 79.26982368 71.59410624 79.56982308 0 P 0
L 71.59410624 88.15982368 71.59410624 88.45982308 0 P 0
L 71.64730654 83.05201322 71.94730594 83.05201322 0 P 0
L 71.64730654 84.67762338 71.94730594 84.67762338 0 P 0
L 71.79730624 82.90201352 71.79730624 83.20201292 0 P 0
L 71.79730624 84.52762368 71.79730624 84.82762308 0 P 0
L 72.22303818 79.41982338 72.52303758 79.41982338 0 P 0
L 72.22303818 88.30982338 72.52303758 88.30982338 0 P 0
L 72.37303788 79.26982368 72.37303788 79.56982308 0 P 0
L 72.37303788 88.15982368 72.37303788 88.45982308 0 P 0
L 72.42623818 83.05201322 72.72623758 83.05201322 0 P 0
L 72.42623818 84.67762338 72.72623758 84.67762338 0 P 0
L 72.57623788 82.90201352 72.57623788 83.20201292 0 P 0
L 72.57623788 84.52762368 72.57623788 84.82762308 0 P 0
L 73.00196982 79.41982338 73.30196922 79.41982338 0 P 0
L 73.00196982 88.30982338 73.30196922 88.30982338 0 P 0
L 73.15196952 79.26982368 73.15196952 79.56982308 0 P 0
L 73.15196952 88.15982368 73.15196952 88.45982308 0 P 0
L 73.20516982 83.05201322 73.50516922 83.05201322 0 P 0
L 73.20516982 84.67762338 73.50516922 84.67762338 0 P 0
L 73.35516952 82.90201352 73.35516952 83.20201292 0 P 0
L 73.35516952 84.52762368 73.35516952 84.82762308 0 P 0
L 73.78090146 79.41982338 74.08090086 79.41982338 0 P 0
L 73.78090146 88.30982338 74.08090086 88.30982338 0 P 0
L 73.93090116 79.26982368 73.93090116 79.56982308 0 P 0
L 73.93090116 88.15982368 73.93090116 88.45982308 0 P 0
L 73.98410146 83.05201322 74.28410086 83.05201322 0 P 0
L 73.98410146 84.67762338 74.28410086 84.67762338 0 P 0
L 74.13410116 82.90201352 74.13410116 83.20201292 0 P 0
L 74.13410116 84.52762368 74.13410116 84.82762308 0 P 0
L 74.5598331 79.41982338 74.8598325 79.41982338 0 P 0
L 74.5598331 88.30982338 74.8598325 88.30982338 0 P 0
L 74.7098328 79.26982368 74.7098328 79.56982308 0 P 0
L 74.7098328 88.15982368 74.7098328 88.45982308 0 P 0
L 74.7630331 83.05201322 75.0630325 83.05201322 0 P 0
L 74.7630331 84.67762338 75.0630325 84.67762338 0 P 0
L 74.9130328 82.90201352 74.9130328 83.20201292 0 P 0
L 74.9130328 84.52762368 74.9130328 84.82762308 0 P 0
L 75.33876474 79.41982338 75.63876414 79.41982338 0 P 0
L 75.33876474 88.30982338 75.63876414 88.30982338 0 P 0
L 75.48876444 79.26982368 75.48876444 79.56982308 0 P 0
L 75.48876444 88.15982368 75.48876444 88.45982308 0 P 0
L 75.54196474 83.05201322 75.84196414 83.05201322 0 P 0
L 75.54196474 84.67762338 75.84196414 84.67762338 0 P 0
L 75.69196444 82.90201352 75.69196444 83.20201292 0 P 0
L 75.69196444 84.52762368 75.69196444 84.82762308 0 P 0
L 76.11769638 79.41982338 76.41769578 79.41982338 0 P 0
L 76.11769638 88.30982338 76.41769578 88.30982338 0 P 0
L 76.26769608 79.26982368 76.26769608 79.56982308 0 P 0
L 76.26769608 88.15982368 76.26769608 88.45982308 0 P 0
L 76.32089638 83.05201322 76.62089578 83.05201322 0 P 0
L 76.32089638 84.67762338 76.62089578 84.67762338 0 P 0
L 76.47089608 82.90201352 76.47089608 83.20201292 0 P 0
L 76.47089608 84.52762368 76.47089608 84.82762308 0 P 0
L 76.89662802 79.41982338 77.19662742 79.41982338 0 P 0
L 76.89662802 88.30982338 77.19662742 88.30982338 0 P 0
L 77.04662772 79.26982368 77.04662772 79.56982308 0 P 0
L 77.04662772 88.15982368 77.04662772 88.45982308 0 P 0
L 77.09982802 83.05201322 77.39982742 83.05201322 0 P 0
L 77.09982802 84.67762338 77.39982742 84.67762338 0 P 0
L 77.24982772 82.90201352 77.24982772 83.20201292 0 P 0
L 77.24982772 84.52762368 77.24982772 84.82762308 0 P 0
L 77.67555966 79.41982338 77.97555906 79.41982338 0 P 0
L 77.67555966 88.30982338 77.97555906 88.30982338 0 P 0
L 77.82555936 79.26982368 77.82555936 79.56982308 0 P 0
L 77.82555936 88.15982368 77.82555936 88.45982308 0 P 0
L 77.87875966 83.05201322 78.17875906 83.05201322 0 P 0
L 77.87875966 84.67762338 78.17875906 84.67762338 0 P 0
L 78.02875936 82.90201352 78.02875936 83.20201292 0 P 0
L 78.02875936 84.52762368 78.02875936 84.82762308 0 P 0
L 78.4544913 79.41982338 78.7544907 79.41982338 0 P 0
L 78.4544913 88.30982338 78.7544907 88.30982338 0 P 0
L 78.604491 79.26982368 78.604491 79.56982308 0 P 0
L 78.604491 88.15982368 78.604491 88.45982308 0 P 0
L 78.6576913 83.05201322 78.9576907 83.05201322 0 P 0
L 78.6576913 84.67762338 78.9576907 84.67762338 0 P 0
L 78.807691 82.90201352 78.807691 83.20201292 0 P 0
L 78.807691 84.52762368 78.807691 84.82762308 0 P 0
L 79.23342294 79.41982338 79.53342234 79.41982338 0 P 0
L 79.23342294 88.30982338 79.53342234 88.30982338 0 P 0
L 79.38342264 79.26982368 79.38342264 79.56982308 0 P 0
L 79.38342264 88.15982368 79.38342264 88.45982308 0 P 0
L 79.43662294 83.05201322 79.73662234 83.05201322 0 P 0
L 79.43662294 84.67762338 79.73662234 84.67762338 0 P 0
L 79.58662264 82.90201352 79.58662264 83.20201292 0 P 0
L 79.58662264 84.52762368 79.58662264 84.82762308 0 P 0
L 80.01235458 79.41982338 80.31235398 79.41982338 0 P 0
L 80.01235458 88.30982338 80.31235398 88.30982338 0 P 0
L 80.16235428 79.26982368 80.16235428 79.56982308 0 P 0
L 80.16235428 88.15982368 80.16235428 88.45982308 0 P 0
L 80.21555458 83.05201322 80.51555398 83.05201322 0 P 0
L 80.21555458 84.67762338 80.51555398 84.67762338 0 P 0
L 80.36555428 82.90201352 80.36555428 83.20201292 0 P 0
L 80.36555428 84.52762368 80.36555428 84.82762308 0 P 0
L 80.79128622 79.41982338 81.09128562 79.41982338 0 P 0
L 80.79128622 88.30982338 81.09128562 88.30982338 0 P 0
L 80.94128592 79.26982368 80.94128592 79.56982308 0 P 0
L 80.94128592 88.15982368 80.94128592 88.45982308 0 P 0
L 80.99448622 83.05201322 81.29448562 83.05201322 0 P 0
L 80.99448622 84.67762338 81.29448562 84.67762338 0 P 0
L 81.14448592 82.90201352 81.14448592 83.20201292 0 P 0
L 81.14448592 84.52762368 81.14448592 84.82762308 0 P 0
L 81.57021786 79.41982338 81.87021726 79.41982338 0 P 0
L 81.57021786 88.30982338 81.87021726 88.30982338 0 P 0
L 81.72021756 79.26982368 81.72021756 79.56982308 0 P 0
L 81.72021756 88.15982368 81.72021756 88.45982308 0 P 0
L 81.77341786 83.05201322 82.07341726 83.05201322 0 P 0
L 81.77341786 84.67762338 82.07341726 84.67762338 0 P 0
L 81.92341756 82.90201352 81.92341756 83.20201292 0 P 0
L 81.92341756 84.52762368 81.92341756 84.82762308 0 P 0
L 82.3491495 79.41982338 82.6491489 79.41982338 0 P 0
L 82.3491495 88.30982338 82.6491489 88.30982338 0 P 0
L 82.4991492 79.26982368 82.4991492 79.56982308 0 P 0
L 82.4991492 88.15982368 82.4991492 88.45982308 0 P 0
L 82.5523495 83.05201322 82.8523489 83.05201322 0 P 0
L 82.5523495 84.67762338 82.8523489 84.67762338 0 P 0
L 82.7023492 82.90201352 82.7023492 83.20201292 0 P 0
L 82.7023492 84.52762368 82.7023492 84.82762308 0 P 0
L 83.12808114 79.41982338 83.42808054 79.41982338 0 P 0
L 83.12808114 88.30982338 83.42808054 88.30982338 0 P 0
L 83.27808084 79.26982368 83.27808084 79.56982308 0 P 0
L 83.27808084 88.15982368 83.27808084 88.45982308 0 P 0
L 83.33128114 83.05201322 83.63128054 83.05201322 0 P 0
L 83.33128114 84.67762338 83.63128054 84.67762338 0 P 0
L 83.48128084 82.90201352 83.48128084 83.20201292 0 P 0
L 83.48128084 84.52762368 83.48128084 84.82762308 0 P 0
L 83.90701278 79.41982338 84.20701218 79.41982338 0 P 0
L 83.90701278 88.30982338 84.20701218 88.30982338 0 P 0
L 84.05701248 79.26982368 84.05701248 79.56982308 0 P 0
L 84.05701248 88.15982368 84.05701248 88.45982308 0 P 0
L 84.11021278 83.05201322 84.41021218 83.05201322 0 P 0
L 84.11021278 84.67762338 84.41021218 84.67762338 0 P 0
L 84.26021248 82.90201352 84.26021248 83.20201292 0 P 0
L 84.26021248 84.52762368 84.26021248 84.82762308 0 P 0
L 84.68594442 79.41982338 84.98594382 79.41982338 0 P 0
L 84.68594442 88.30982338 84.98594382 88.30982338 0 P 0
L 84.83594412 79.26982368 84.83594412 79.56982308 0 P 0
L 84.83594412 88.15982368 84.83594412 88.45982308 0 P 0
L 84.88914442 83.05201322 85.18914382 83.05201322 0 P 0
L 84.88914442 84.67762338 85.18914382 84.67762338 0 P 0
L 85.03914412 82.90201352 85.03914412 83.20201292 0 P 0
L 85.03914412 84.52762368 85.03914412 84.82762308 0 P 0
L 85.46487606 79.41982338 85.76487546 79.41982338 0 P 0
L 85.46487606 88.30982338 85.76487546 88.30982338 0 P 0
L 85.61487576 79.26982368 85.61487576 79.56982308 0 P 0
L 85.61487576 88.15982368 85.61487576 88.45982308 0 P 0
L 85.66807606 83.05201322 85.96807546 83.05201322 0 P 0
L 85.66807606 84.67762338 85.96807546 84.67762338 0 P 0
L 85.81807576 82.90201352 85.81807576 83.20201292 0 P 0
L 85.81807576 84.52762368 85.81807576 84.82762308 0 P 0
L 86.2438077 79.41982338 86.5438071 79.41982338 0 P 0
L 86.2438077 88.30982338 86.5438071 88.30982338 0 P 0
L 86.3938074 79.26982368 86.3938074 79.56982308 0 P 0
L 86.3938074 88.15982368 86.3938074 88.45982308 0 P 0
L 86.4470077 83.05201322 86.7470071 83.05201322 0 P 0
L 86.4470077 84.67762338 86.7470071 84.67762338 0 P 0
L 86.5970074 82.90201352 86.5970074 83.20201292 0 P 0
L 86.5970074 84.52762368 86.5970074 84.82762308 0 P 0
L 87.02273934 79.41982338 87.32273874 79.41982338 0 P 0
L 87.02273934 88.30982338 87.32273874 88.30982338 0 P 0
L 87.17273904 79.26982368 87.17273904 79.56982308 0 P 0
L 87.17273904 88.15982368 87.17273904 88.45982308 0 P 0
L 87.22593934 83.05201322 87.52593874 83.05201322 0 P 0
L 87.22593934 84.67762338 87.52593874 84.67762338 0 P 0
L 87.37593904 82.90201352 87.37593904 83.20201292 0 P 0
L 87.37593904 84.52762368 87.37593904 84.82762308 0 P 0
L 87.80167098 79.41982338 88.10167038 79.41982338 0 P 0
L 87.80167098 88.30982338 88.10167038 88.30982338 0 P 0
L 87.95167068 79.26982368 87.95167068 79.56982308 0 P 0
L 87.95167068 88.15982368 87.95167068 88.45982308 0 P 0
L 88.00487098 83.05201322 88.30487038 83.05201322 0 P 0
L 88.00487098 84.67762338 88.30487038 84.67762338 0 P 0
L 88.15487068 82.90201352 88.15487068 83.20201292 0 P 0
L 88.15487068 84.52762368 88.15487068 84.82762308 0 P 0
L 88.58060262 79.41982338 88.88060202 79.41982338 0 P 0
L 88.58060262 88.30982338 88.88060202 88.30982338 0 P 0
L 88.73060232 79.26982368 88.73060232 79.56982308 0 P 0
L 88.73060232 88.15982368 88.73060232 88.45982308 0 P 0
L 88.78380262 83.05201322 89.08380202 83.05201322 0 P 0
L 88.78380262 84.67762338 89.08380202 84.67762338 0 P 0
L 88.93380232 82.90201352 88.93380232 83.20201292 0 P 0
L 88.93380232 84.52762368 88.93380232 84.82762308 0 P 0
L 89.35953426 79.41982338 89.65953366 79.41982338 0 P 0
L 89.35953426 88.30982338 89.65953366 88.30982338 0 P 0
L 89.50953396 79.26982368 89.50953396 79.56982308 0 P 0
L 89.50953396 88.15982368 89.50953396 88.45982308 0 P 0
L 89.56273426 83.05201322 89.86273366 83.05201322 0 P 0
L 89.56273426 84.67762338 89.86273366 84.67762338 0 P 0
L 89.71273396 82.90201352 89.71273396 83.20201292 0 P 0
L 89.71273396 84.52762368 89.71273396 84.82762308 0 P 0
L 90.1384659 79.41982338 90.4384653 79.41982338 0 P 0
L 90.1384659 88.30982338 90.4384653 88.30982338 0 P 0
L 90.2884656 79.26982368 90.2884656 79.56982308 0 P 0
L 90.2884656 88.15982368 90.2884656 88.45982308 0 P 0
L 90.3416659 83.05201322 90.6416653 83.05201322 0 P 0
L 90.3416659 84.67762338 90.6416653 84.67762338 0 P 0
L 90.4916656 82.90201352 90.4916656 83.20201292 0 P 0
L 90.4916656 84.52762368 90.4916656 84.82762308 0 P 0
L 90.91739754 79.41982338 91.21739694 79.41982338 0 P 0
L 90.91739754 88.30982338 91.21739694 88.30982338 0 P 0
L 91.06739724 79.26982368 91.06739724 79.56982308 0 P 0
L 91.06739724 88.15982368 91.06739724 88.45982308 0 P 0
L 91.12059754 83.05201322 91.42059694 83.05201322 0 P 0
L 91.12059754 84.67762338 91.42059694 84.67762338 0 P 0
L 91.27059724 82.90201352 91.27059724 83.20201292 0 P 0
L 91.27059724 84.52762368 91.27059724 84.82762308 0 P 0
L 91.69632918 79.41982338 91.99632858 79.41982338 0 P 0
L 91.69632918 88.30982338 91.99632858 88.30982338 0 P 0
L 91.84632888 79.26982368 91.84632888 79.56982308 0 P 0
L 91.84632888 88.15982368 91.84632888 88.45982308 0 P 0
L 91.89952918 83.05201322 92.19952858 83.05201322 0 P 0
L 91.89952918 84.67762338 92.19952858 84.67762338 0 P 0
L 92.04952888 82.90201352 92.04952888 83.20201292 0 P 0
L 92.04952888 84.52762368 92.04952888 84.82762308 0 P 0
L 92.47526082 79.41982338 92.77526022 79.41982338 0 P 0
L 92.47526082 88.30982338 92.77526022 88.30982338 0 P 0
L 92.62526052 79.26982368 92.62526052 79.56982308 0 P 0
L 92.62526052 88.15982368 92.62526052 88.45982308 0 P 0
L 92.67846082 83.05201322 92.97846022 83.05201322 0 P 0
L 92.67846082 84.67762338 92.97846022 84.67762338 0 P 0
L 92.82846052 82.90201352 92.82846052 83.20201292 0 P 0
L 92.82846052 84.52762368 92.82846052 84.82762308 0 P 0
L 93.25419246 79.41982338 93.55419186 79.41982338 0 P 0
L 93.25419246 88.30982338 93.55419186 88.30982338 0 P 0
L 93.40419216 79.26982368 93.40419216 79.56982308 0 P 0
L 93.40419216 88.15982368 93.40419216 88.45982308 0 P 0
L 93.45739246 83.05201322 93.75739186 83.05201322 0 P 0
L 93.45739246 84.67762338 93.75739186 84.67762338 0 P 0
L 93.60739216 82.90201352 93.60739216 83.20201292 0 P 0
L 93.60739216 84.52762368 93.60739216 84.82762308 0 P 0
L 94.0331241 79.41982338 94.3331235 79.41982338 0 P 0
L 94.0331241 88.30982338 94.3331235 88.30982338 0 P 0
L 94.1831238 79.26982368 94.1831238 79.56982308 0 P 0
L 94.1831238 88.15982368 94.1831238 88.45982308 0 P 0
L 94.2363241 83.05201322 94.5363235 83.05201322 0 P 0
L 94.2363241 84.67762338 94.5363235 84.67762338 0 P 0
L 94.3863238 82.90201352 94.3863238 83.20201292 0 P 0
L 94.3863238 84.52762368 94.3863238 84.82762308 0 P 0
L 94.81205574 79.41982338 95.11205514 79.41982338 0 P 0
L 94.81205574 88.30982338 95.11205514 88.30982338 0 P 0
L 94.96205544 79.26982368 94.96205544 79.56982308 0 P 0
L 94.96205544 88.15982368 94.96205544 88.45982308 0 P 0
L 95.01525574 83.05201322 95.31525514 83.05201322 0 P 0
L 95.01525574 84.67762338 95.31525514 84.67762338 0 P 0
L 95.16525544 82.90201352 95.16525544 83.20201292 0 P 0
L 95.16525544 84.52762368 95.16525544 84.82762308 0 P 0
L 95.59098738 79.41982338 95.89098678 79.41982338 0 P 0
L 95.59098738 88.30982338 95.89098678 88.30982338 0 P 0
L 95.74098708 79.26982368 95.74098708 79.56982308 0 P 0
L 95.74098708 88.15982368 95.74098708 88.45982308 0 P 0
L 95.79418738 83.05201322 96.09418678 83.05201322 0 P 0
L 95.79418738 84.67762338 96.09418678 84.67762338 0 P 0
L 95.94418708 82.90201352 95.94418708 83.20201292 0 P 0
L 95.94418708 84.52762368 95.94418708 84.82762308 0 P 0
L 96.36991902 79.41982338 96.66991842 79.41982338 0 P 0
L 96.36991902 88.30982338 96.66991842 88.30982338 0 P 0
L 96.51991872 79.26982368 96.51991872 79.56982308 0 P 0
L 96.51991872 88.15982368 96.51991872 88.45982308 0 P 0
L 96.57311902 83.05201322 96.87311842 83.05201322 0 P 0
L 96.57311902 84.67762338 96.87311842 84.67762338 0 P 0
L 96.72311872 82.90201352 96.72311872 83.20201292 0 P 0
L 96.72311872 84.52762368 96.72311872 84.82762308 0 P 0
L 97.14885066 79.41982338 97.44885006 79.41982338 0 P 0
L 97.14885066 88.30982338 97.44885006 88.30982338 0 P 0
L 97.29885036 79.26982368 97.29885036 79.56982308 0 P 0
L 97.29885036 88.15982368 97.29885036 88.45982308 0 P 0
L 97.35205066 83.05201322 97.65205006 83.05201322 0 P 0
L 97.35205066 84.67762338 97.65205006 84.67762338 0 P 0
L 97.50205036 82.90201352 97.50205036 83.20201292 0 P 0
L 97.50205036 84.52762368 97.50205036 84.82762308 0 P 0
L 97.9277823 79.41982338 98.2277817 79.41982338 0 P 0
L 97.9277823 88.30982338 98.2277817 88.30982338 0 P 0
L 98.077782 79.26982368 98.077782 79.56982308 0 P 0
L 98.077782 88.15982368 98.077782 88.45982308 0 P 0
L 98.1309823 83.05201322 98.4309817 83.05201322 0 P 0
L 98.1309823 84.67762338 98.4309817 84.67762338 0 P 0
L 98.280982 82.90201352 98.280982 83.20201292 0 P 0
L 98.280982 84.52762368 98.280982 84.82762308 0 P 0
L 98.70671394 79.41982338 99.00671334 79.41982338 0 P 0
L 98.70671394 88.30982338 99.00671334 88.30982338 0 P 0
L 98.85671364 79.26982368 98.85671364 79.56982308 0 P 0
L 98.85671364 88.15982368 98.85671364 88.45982308 0 P 0
L 98.90991394 83.05201322 99.20991334 83.05201322 0 P 0
L 98.90991394 84.67762338 99.20991334 84.67762338 0 P 0
L 99.05991364 82.90201352 99.05991364 83.20201292 0 P 0
L 99.05991364 84.52762368 99.05991364 84.82762308 0 P 0
L 99.48564558 79.41982338 99.78564498 79.41982338 0 P 0
L 99.48564558 88.30982338 99.78564498 88.30982338 0 P 0
L 99.63564528 79.26982368 99.63564528 79.56982308 0 P 0
L 99.63564528 88.15982368 99.63564528 88.45982308 0 P 0
L 99.68884558 83.05201322 99.98884498 83.05201322 0 P 0
L 99.68884558 84.67762338 99.98884498 84.67762338 0 P 0
L 99.83884528 82.90201352 99.83884528 83.20201292 0 P 0
L 99.83884528 84.52762368 99.83884528 84.82762308 0 P 0
L 100.26457722 79.41982338 100.56457662 79.41982338 0 P 0
L 100.26457722 88.30982338 100.56457662 88.30982338 0 P 0
L 100.41457692 79.26982368 100.41457692 79.56982308 0 P 0
L 100.41457692 88.15982368 100.41457692 88.45982308 0 P 0
L 100.46777722 83.05201322 100.76777662 83.05201322 0 P 0
L 100.46777722 84.67762338 100.76777662 84.67762338 0 P 0
L 100.61777692 82.90201352 100.61777692 83.20201292 0 P 0
L 100.61777692 84.52762368 100.61777692 84.82762308 0 P 0
L 101.04350886 79.41982338 101.34350826 79.41982338 0 P 0
L 101.04350886 88.30982338 101.34350826 88.30982338 0 P 0
L 101.19350856 79.26982368 101.19350856 79.56982308 0 P 0
L 101.19350856 88.15982368 101.19350856 88.45982308 0 P 0
L 101.24670886 83.05201322 101.54670826 83.05201322 0 P 0
L 101.24670886 84.67762338 101.54670826 84.67762338 0 P 0
L 101.39670856 82.90201352 101.39670856 83.20201292 0 P 0
L 101.39670856 84.52762368 101.39670856 84.82762308 0 P 0
L 101.8224405 79.41982338 102.1224399 79.41982338 0 P 0
L 101.8224405 88.30982338 102.1224399 88.30982338 0 P 0
L 101.9724402 79.26982368 101.9724402 79.56982308 0 P 0
L 101.9724402 88.15982368 101.9724402 88.45982308 0 P 0
L 102.0256405 83.05201322 102.3256399 83.05201322 0 P 0
L 102.0256405 84.67762338 102.3256399 84.67762338 0 P 0
L 102.1756402 82.90201352 102.1756402 83.20201292 0 P 0
L 102.1756402 84.52762368 102.1756402 84.82762308 0 P 0
L 102.60137214 79.41982338 102.90137154 79.41982338 0 P 0
L 102.60137214 88.30982338 102.90137154 88.30982338 0 P 0
L 102.75137184 79.26982368 102.75137184 79.56982308 0 P 0
L 102.75137184 88.15982368 102.75137184 88.45982308 0 P 0
L 102.80457214 83.05201322 103.10457154 83.05201322 0 P 0
L 102.80457214 84.67762338 103.10457154 84.67762338 0 P 0
L 102.95457184 82.90201352 102.95457184 83.20201292 0 P 0
L 102.95457184 84.52762368 102.95457184 84.82762308 0 P 0
L 103.38030378 79.41982338 103.68030318 79.41982338 0 P 0
L 103.38030378 88.30982338 103.68030318 88.30982338 0 P 0
L 103.53030348 79.26982368 103.53030348 79.56982308 0 P 0
L 103.53030348 88.15982368 103.53030348 88.45982308 0 P 0
L 103.58350378 83.05201322 103.88350318 83.05201322 0 P 0
L 103.58350378 84.67762338 103.88350318 84.67762338 0 P 0
L 103.73350348 82.90201352 103.73350348 83.20201292 0 P 0
L 103.73350348 84.52762368 103.73350348 84.82762308 0 P 0
L 104.15923542 79.41982338 104.45923482 79.41982338 0 P 0
L 104.15923542 88.30982338 104.45923482 88.30982338 0 P 0
L 104.30923512 79.26982368 104.30923512 79.56982308 0 P 0
L 104.30923512 88.15982368 104.30923512 88.45982308 0 P 0
L 104.36243542 83.05201322 104.66243482 83.05201322 0 P 0
L 104.36243542 84.67762338 104.66243482 84.67762338 0 P 0
L 104.51243512 82.90201352 104.51243512 83.20201292 0 P 0
L 104.51243512 84.52762368 104.51243512 84.82762308 0 P 0
L 104.93816706 79.41982338 105.23816646 79.41982338 0 P 0
L 104.93816706 88.30982338 105.23816646 88.30982338 0 P 0
L 105.08816676 79.26982368 105.08816676 79.56982308 0 P 0
L 105.08816676 88.15982368 105.08816676 88.45982308 0 P 0
L 105.14136706 83.05201322 105.44136646 83.05201322 0 P 0
L 105.14136706 84.67762338 105.44136646 84.67762338 0 P 0
L 105.29136676 82.90201352 105.29136676 83.20201292 0 P 0
L 105.29136676 84.52762368 105.29136676 84.82762308 0 P 0
L 105.7170987 79.41982338 106.0170981 79.41982338 0 P 0
L 105.7170987 88.30982338 106.0170981 88.30982338 0 P 0
L 105.8670984 79.26982368 105.8670984 79.56982308 0 P 0
L 105.8670984 88.15982368 105.8670984 88.45982308 0 P 0
L 105.9202987 83.05201322 106.2202981 83.05201322 0 P 0
L 105.9202987 84.67762338 106.2202981 84.67762338 0 P 0
L 106.0702984 82.90201352 106.0702984 83.20201292 0 P 0
L 106.0702984 84.52762368 106.0702984 84.82762308 0 P 0
L 106.49603034 79.41982338 106.79602974 79.41982338 0 P 0
L 106.49603034 88.30982338 106.79602974 88.30982338 0 P 0
L 106.64603004 79.26982368 106.64603004 79.56982308 0 P 0
L 106.64603004 88.15982368 106.64603004 88.45982308 0 P 0
L 106.69923034 83.05201322 106.99922974 83.05201322 0 P 0
L 106.69923034 84.67762338 106.99922974 84.67762338 0 P 0
L 106.84923004 82.90201352 106.84923004 83.20201292 0 P 0
L 106.84923004 84.52762368 106.84923004 84.82762308 0 P 0
L 107.27496198 79.41982338 107.57496138 79.41982338 0 P 0
L 107.27496198 88.30982338 107.57496138 88.30982338 0 P 0
L 107.42496168 79.26982368 107.42496168 79.56982308 0 P 0
L 107.42496168 88.15982368 107.42496168 88.45982308 0 P 0
L 107.47816198 83.05201322 107.77816138 83.05201322 0 P 0
L 107.47816198 84.67762338 107.77816138 84.67762338 0 P 0
L 107.62816168 82.90201352 107.62816168 83.20201292 0 P 0
L 107.62816168 84.52762368 107.62816168 84.82762308 0 P 0
L 108.05389362 79.41982338 108.35389302 79.41982338 0 P 0
L 108.05389362 88.30982338 108.35389302 88.30982338 0 P 0
L 108.20389332 79.26982368 108.20389332 79.56982308 0 P 0
L 108.20389332 88.15982368 108.20389332 88.45982308 0 P 0
L 108.25709362 83.05201322 108.55709302 83.05201322 0 P 0
L 108.25709362 84.67762338 108.55709302 84.67762338 0 P 0
L 108.40709332 82.90201352 108.40709332 83.20201292 0 P 0
L 108.40709332 84.52762368 108.40709332 84.82762308 0 P 0
L 108.83282526 79.41982338 109.13282466 79.41982338 0 P 0
L 108.83282526 88.30982338 109.13282466 88.30982338 0 P 0
L 108.98282496 79.26982368 108.98282496 79.56982308 0 P 0
L 108.98282496 88.15982368 108.98282496 88.45982308 0 P 0
L 109.03602526 83.05201322 109.33602466 83.05201322 0 P 0
L 109.03602526 84.67762338 109.33602466 84.67762338 0 P 0
L 109.18602496 82.90201352 109.18602496 83.20201292 0 P 0
L 109.18602496 84.52762368 109.18602496 84.82762308 0 P 0
L 109.6117569 79.41982338 109.9117563 79.41982338 0 P 0
L 109.6117569 88.30982338 109.9117563 88.30982338 0 P 0
L 109.7617566 79.26982368 109.7617566 79.56982308 0 P 0
L 109.7617566 88.15982368 109.7617566 88.45982308 0 P 0
L 109.8149569 83.05201322 110.1149563 83.05201322 0 P 0
L 109.8149569 84.67762338 110.1149563 84.67762338 0 P 0
L 109.9649566 82.90201352 109.9649566 83.20201292 0 P 0
L 109.9649566 84.52762368 109.9649566 84.82762308 0 P 0
L 110.39068854 79.41982338 110.69068794 79.41982338 0 P 0
L 110.39068854 88.30982338 110.69068794 88.30982338 0 P 0
L 110.54068824 79.26982368 110.54068824 79.56982308 0 P 0
L 110.54068824 88.15982368 110.54068824 88.45982308 0 P 0
L 110.59388854 83.05201322 110.89388794 83.05201322 0 P 0
L 110.59388854 84.67762338 110.89388794 84.67762338 0 P 0
L 110.74388824 82.90201352 110.74388824 83.20201292 0 P 0
L 110.74388824 84.52762368 110.74388824 84.82762308 0 P 0
L 111.16962018 79.41982338 111.46961958 79.41982338 0 P 0
L 111.16962018 88.30982338 111.46961958 88.30982338 0 P 0
L 111.31961988 79.26982368 111.31961988 79.56982308 0 P 0
L 111.31961988 88.15982368 111.31961988 88.45982308 0 P 0
L 111.37282018 83.05201322 111.67281958 83.05201322 0 P 0
L 111.37282018 84.67762338 111.67281958 84.67762338 0 P 0
L 111.52281988 82.90201352 111.52281988 83.20201292 0 P 0
L 111.52281988 84.52762368 111.52281988 84.82762308 0 P 0
L 111.94855182 79.41982338 112.24855122 79.41982338 0 P 0
L 111.94855182 88.30982338 112.24855122 88.30982338 0 P 0
L 112.09855152 79.26982368 112.09855152 79.56982308 0 P 0
L 112.09855152 88.15982368 112.09855152 88.45982308 0 P 0
L 112.15175182 83.05201322 112.45175122 83.05201322 0 P 0
L 112.15175182 84.67762338 112.45175122 84.67762338 0 P 0
L 112.30175152 82.90201352 112.30175152 83.20201292 0 P 0
L 112.30175152 84.52762368 112.30175152 84.82762308 0 P 0
L 112.72748346 79.41982338 113.02748286 79.41982338 0 P 0
L 112.72748346 88.30982338 113.02748286 88.30982338 0 P 0
L 112.87748316 79.26982368 112.87748316 79.56982308 0 P 0
L 112.87748316 88.15982368 112.87748316 88.45982308 0 P 0
L 112.93068346 83.05201322 113.23068286 83.05201322 0 P 0
L 112.93068346 84.67762338 113.23068286 84.67762338 0 P 0
L 113.08068316 82.90201352 113.08068316 83.20201292 0 P 0
L 113.08068316 84.52762368 113.08068316 84.82762308 0 P 0
L 113.5064151 79.41982338 113.8064145 79.41982338 0 P 0
L 113.5064151 88.30982338 113.8064145 88.30982338 0 P 0
L 113.6564148 79.26982368 113.6564148 79.56982308 0 P 0
L 113.6564148 88.15982368 113.6564148 88.45982308 0 P 0
L 113.7096151 83.05201322 114.0096145 83.05201322 0 P 0
L 113.7096151 84.67762338 114.0096145 84.67762338 0 P 0
L 113.8596148 82.90201352 113.8596148 83.20201292 0 P 0
L 113.8596148 84.52762368 113.8596148 84.82762308 0 P 0
L 114.28534674 79.41982338 114.58534614 79.41982338 0 P 0
L 114.28534674 88.30982338 114.58534614 88.30982338 0 P 0
L 114.43534644 79.26982368 114.43534644 79.56982308 0 P 0
L 114.43534644 88.15982368 114.43534644 88.45982308 0 P 0
L 114.48854674 83.05201322 114.78854614 83.05201322 0 P 0
L 114.48854674 84.67762338 114.78854614 84.67762338 0 P 0
L 114.63854644 82.90201352 114.63854644 83.20201292 0 P 0
L 114.63854644 84.52762368 114.63854644 84.82762308 0 P 0
L 115.06427838 79.41982338 115.36427778 79.41982338 0 P 0
L 115.06427838 88.30982338 115.36427778 88.30982338 0 P 0
L 115.21427808 79.26982368 115.21427808 79.56982308 0 P 0
L 115.21427808 88.15982368 115.21427808 88.45982308 0 P 0
L 115.26747838 83.05201322 115.56747778 83.05201322 0 P 0
L 115.26747838 84.67762338 115.56747778 84.67762338 0 P 0
L 115.41747808 82.90201352 115.41747808 83.20201292 0 P 0
L 115.41747808 84.52762368 115.41747808 84.82762308 0 P 0
L 115.84321002 79.41982338 116.14320942 79.41982338 0 P 0
L 115.84321002 88.30982338 116.14320942 88.30982338 0 P 0
L 115.99320972 79.26982368 115.99320972 79.56982308 0 P 0
L 115.99320972 88.15982368 115.99320972 88.45982308 0 P 0
L 116.04641002 83.05201322 116.34640942 83.05201322 0 P 0
L 116.04641002 84.67762338 116.34640942 84.67762338 0 P 0
L 116.19640972 82.90201352 116.19640972 83.20201292 0 P 0
L 116.19640972 84.52762368 116.19640972 84.82762308 0 P 0
L 116.62214166 79.41982338 116.92214106 79.41982338 0 P 0
L 116.62214166 88.30982338 116.92214106 88.30982338 0 P 0
L 116.77214136 79.26982368 116.77214136 79.56982308 0 P 0
L 116.77214136 88.15982368 116.77214136 88.45982308 0 P 0
L 116.82534166 83.05201322 117.12534106 83.05201322 0 P 0
L 116.82534166 84.67762338 117.12534106 84.67762338 0 P 0
L 116.97534136 82.90201352 116.97534136 83.20201292 0 P 0
L 116.97534136 84.52762368 116.97534136 84.82762308 0 P 0
L 117.2742003 79.06422338 117.5741997 79.06422338 0 P 0
L 117.2996003 88.66542338 117.5995997 88.66542338 0 P 0
L 117.4242 78.91422368 117.4242 79.21422308 0 P 0
L 117.4496 88.51542368 117.4496 88.81542308 0 P 0
L 117.6042733 83.05201322 117.9042727 83.05201322 0 P 0
L 117.6042733 84.67762338 117.9042727 84.67762338 0 P 0
L 117.754273 82.90201352 117.754273 83.20201292 0 P 0
L 117.754273 84.52762368 117.754273 84.82762308 0 P 0
L 117.7822003 78.58162338 118.0821997 78.58162338 0 P 0
L 117.9322 78.43162368 117.9322 78.73162308 0 P 0
L 118.38320494 83.05201322 118.68320434 83.05201322 0 P 0
L 118.38320494 84.67762338 118.68320434 84.67762338 0 P 0
L 118.44736534 89.50470288 118.74736474 89.50470288 0 P 0
L 118.53320464 82.90201352 118.53320464 83.20201292 0 P 0
L 118.53320464 84.52762368 118.53320464 84.82762308 0 P 0
L 118.59736504 89.35470318 118.59736504 89.65470258 0 P 0
L 119.16213658 83.05201322 119.46213598 83.05201322 0 P 0
L 119.16213658 84.67762338 119.46213598 84.67762338 0 P 0
L 119.17060494 78.22602338 119.47060434 78.22602338 0 P 0
L 119.17060494 89.50362338 119.47060434 89.50362338 0 P 0
L 119.31213628 82.90201352 119.31213628 83.20201292 0 P 0
L 119.31213628 84.52762368 119.31213628 84.82762308 0 P 0
L 119.32060464 78.07602368 119.32060464 78.37602308 0 P 0
L 119.32060464 89.35362368 119.32060464 89.65362308 0 P 0
L 119.94106822 83.05201322 120.24106762 83.05201322 0 P 0
L 119.94106822 84.67762338 120.24106762 84.67762338 0 P 0
L 119.94953658 78.22602338 120.24953598 78.22602338 0 P 0
L 119.94953658 89.50362338 120.24953598 89.50362338 0 P 0
L 120.09106792 82.90201352 120.09106792 83.20201292 0 P 0
L 120.09106792 84.52762368 120.09106792 84.82762308 0 P 0
L 120.09953628 78.07602368 120.09953628 78.37602308 0 P 0
L 120.09953628 89.35362368 120.09953628 89.65362308 0 P 0
L 120.71999986 83.05201322 121.01999926 83.05201322 0 P 0
L 120.71999986 84.67762338 121.01999926 84.67762338 0 P 0
L 120.72846822 78.22602338 121.02846762 78.22602338 0 P 0
L 120.72846822 89.50362338 121.02846762 89.50362338 0 P 0
L 120.86999956 82.90201352 120.86999956 83.20201292 0 P 0
L 120.86999956 84.52762368 120.86999956 84.82762308 0 P 0
L 120.87846792 78.07602368 120.87846792 78.37602308 0 P 0
L 120.87846792 89.35362368 120.87846792 89.65362308 0 P 0
L 121.4989315 83.05201322 121.7989309 83.05201322 0 P 0
L 121.4989315 84.67762338 121.7989309 84.67762338 0 P 0
L 121.50739986 78.22602338 121.80739926 78.22602338 0 P 0
L 121.50739986 89.50362338 121.80739926 89.50362338 0 P 0
L 121.6489312 82.90201352 121.6489312 83.20201292 0 P 0
L 121.6489312 84.52762368 121.6489312 84.82762308 0 P 0
L 121.65739956 78.07602368 121.65739956 78.37602308 0 P 0
L 121.65739956 89.35362368 121.65739956 89.65362308 0 P 0
L 122.27786314 83.05201322 122.57786254 83.05201322 0 P 0
L 122.27786314 84.67762338 122.57786254 84.67762338 0 P 0
L 122.2863315 78.22602338 122.5863309 78.22602338 0 P 0
L 122.2863315 89.50362338 122.5863309 89.50362338 0 P 0
L 122.42786284 82.90201352 122.42786284 83.20201292 0 P 0
L 122.42786284 84.52762368 122.42786284 84.82762308 0 P 0
L 122.4363312 78.07602368 122.4363312 78.37602308 0 P 0
L 122.4363312 89.35362368 122.4363312 89.65362308 0 P 0
L 123.05679478 83.05201322 123.35679418 83.05201322 0 P 0
L 123.05679478 84.67762338 123.35679418 84.67762338 0 P 0
L 123.06526314 78.22602338 123.36526254 78.22602338 0 P 0
L 123.06526314 89.50362338 123.36526254 89.50362338 0 P 0
L 123.20679448 82.90201352 123.20679448 83.20201292 0 P 0
L 123.20679448 84.52762368 123.20679448 84.82762308 0 P 0
L 123.21526284 78.07602368 123.21526284 78.37602308 0 P 0
L 123.21526284 89.35362368 123.21526284 89.65362308 0 P 0
L 123.83572642 83.05201322 124.13572582 83.05201322 0 P 0
L 123.83572642 84.67762338 124.13572582 84.67762338 0 P 0
L 123.84419478 78.22602338 124.14419418 78.22602338 0 P 0
L 123.84419478 89.50362338 124.14419418 89.50362338 0 P 0
L 123.98572612 82.90201352 123.98572612 83.20201292 0 P 0
L 123.98572612 84.52762368 123.98572612 84.82762308 0 P 0
L 123.99419448 78.07602368 123.99419448 78.37602308 0 P 0
L 123.99419448 89.35362368 123.99419448 89.65362308 0 P 0
L 124.61465806 83.05201322 124.91465746 83.05201322 0 P 0
L 124.61465806 84.67762338 124.91465746 84.67762338 0 P 0
L 124.62312642 78.22602338 124.92312582 78.22602338 0 P 0
L 124.62312642 89.50362338 124.92312582 89.50362338 0 P 0
L 124.76465776 82.90201352 124.76465776 83.20201292 0 P 0
L 124.76465776 84.52762368 124.76465776 84.82762308 0 P 0
L 124.77312612 78.07602368 124.77312612 78.37602308 0 P 0
L 124.77312612 89.35362368 124.77312612 89.65362308 0 P 0
L 125.3935897 83.05201322 125.6935891 83.05201322 0 P 0
L 125.3935897 84.67762338 125.6935891 84.67762338 0 P 0
L 125.40205806 78.22602338 125.70205746 78.22602338 0 P 0
L 125.40205806 89.50362338 125.70205746 89.50362338 0 P 0
L 125.5435894 82.90201352 125.5435894 83.20201292 0 P 0
L 125.5435894 84.52762368 125.5435894 84.82762308 0 P 0
L 125.55205776 78.07602368 125.55205776 78.37602308 0 P 0
L 125.55205776 89.35362368 125.55205776 89.65362308 0 P 0
L 126.17252134 83.05201322 126.47252074 83.05201322 0 P 0
L 126.17252134 84.67762338 126.47252074 84.67762338 0 P 0
L 126.1809897 78.22602338 126.4809891 78.22602338 0 P 0
L 126.1809897 89.50362338 126.4809891 89.50362338 0 P 0
L 126.32252104 82.90201352 126.32252104 83.20201292 0 P 0
L 126.32252104 84.52762368 126.32252104 84.82762308 0 P 0
L 126.3309894 78.07602368 126.3309894 78.37602308 0 P 0
L 126.3309894 89.35362368 126.3309894 89.65362308 0 P 0
L 126.95145298 83.05201322 127.25145238 83.05201322 0 P 0
L 126.95145298 84.67762338 127.25145238 84.67762338 0 P 0
L 126.95992134 78.22602338 127.25992074 78.22602338 0 P 0
L 126.95992134 89.50362338 127.25992074 89.50362338 0 P 0
L 127.10145268 82.90201352 127.10145268 83.20201292 0 P 0
L 127.10145268 84.52762368 127.10145268 84.82762308 0 P 0
L 127.10992104 78.07602368 127.10992104 78.37602308 0 P 0
L 127.10992104 89.35362368 127.10992104 89.65362308 0 P 0
L 127.73038462 83.05201322 128.03038402 83.05201322 0 P 0
L 127.73038462 84.67762338 128.03038402 84.67762338 0 P 0
L 127.73885298 78.22602338 128.03885238 78.22602338 0 P 0
L 127.73885298 89.50362338 128.03885238 89.50362338 0 P 0
L 127.88038432 82.90201352 127.88038432 83.20201292 0 P 0
L 127.88038432 84.52762368 127.88038432 84.82762308 0 P 0
L 127.88885268 78.07602368 127.88885268 78.37602308 0 P 0
L 127.88885268 89.35362368 127.88885268 89.65362308 0 P 0
L 128.50931626 83.05201322 128.80931566 83.05201322 0 P 0
L 128.50931626 84.67762338 128.80931566 84.67762338 0 P 0
L 128.51778462 78.22602338 128.81778402 78.22602338 0 P 0
L 128.51778462 89.50362338 128.81778402 89.50362338 0 P 0
L 128.65931596 82.90201352 128.65931596 83.20201292 0 P 0
L 128.65931596 84.52762368 128.65931596 84.82762308 0 P 0
L 128.66778432 78.07602368 128.66778432 78.37602308 0 P 0
L 128.66778432 89.35362368 128.66778432 89.65362308 0 P 0
L 129.2882479 83.05201322 129.5882473 83.05201322 0 P 0
L 129.2882479 84.67762338 129.5882473 84.67762338 0 P 0
L 129.29671626 78.22602338 129.59671566 78.22602338 0 P 0
L 129.29671626 89.50362338 129.59671566 89.50362338 0 P 0
L 129.4382476 82.90201352 129.4382476 83.20201292 0 P 0
L 129.4382476 84.52762368 129.4382476 84.82762308 0 P 0
L 129.44671596 78.07602368 129.44671596 78.37602308 0 P 0
L 129.44671596 89.35362368 129.44671596 89.65362308 0 P 0
L 130.06717954 83.05201322 130.36717894 83.05201322 0 P 0
L 130.06717954 84.67762338 130.36717894 84.67762338 0 P 0
L 130.0756479 78.22602338 130.3756473 78.22602338 0 P 0
L 130.0756479 89.50362338 130.3756473 89.50362338 0 P 0
L 130.21717924 82.90201352 130.21717924 83.20201292 0 P 0
L 130.21717924 84.52762368 130.21717924 84.82762308 0 P 0
L 130.2256476 78.07602368 130.2256476 78.37602308 0 P 0
L 130.2256476 89.35362368 130.2256476 89.65362308 0 P 0
L 130.84611118 83.05201322 131.14611058 83.05201322 0 P 0
L 130.84611118 84.67762338 131.14611058 84.67762338 0 P 0
L 130.85457954 78.22602338 131.15457894 78.22602338 0 P 0
L 130.85457954 89.50362338 131.15457894 89.50362338 0 P 0
L 130.99611088 82.90201352 130.99611088 83.20201292 0 P 0
L 130.99611088 84.52762368 130.99611088 84.82762308 0 P 0
L 131.00457924 78.07602368 131.00457924 78.37602308 0 P 0
L 131.00457924 89.35362368 131.00457924 89.65362308 0 P 0
L 131.62504282 83.05201322 131.92504222 83.05201322 0 P 0
L 131.62504282 84.67762338 131.92504222 84.67762338 0 P 0
L 131.63351118 78.22602338 131.93351058 78.22602338 0 P 0
L 131.63351118 89.50362338 131.93351058 89.50362338 0 P 0
L 131.77504252 82.90201352 131.77504252 83.20201292 0 P 0
L 131.77504252 84.52762368 131.77504252 84.82762308 0 P 0
L 131.78351088 78.07602368 131.78351088 78.37602308 0 P 0
L 131.78351088 89.35362368 131.78351088 89.65362308 0 P 0
L 132.40397446 83.05201322 132.70397386 83.05201322 0 P 0
L 132.40397446 84.67762338 132.70397386 84.67762338 0 P 0
L 132.41244282 78.22602338 132.71244222 78.22602338 0 P 0
L 132.41244282 89.50362338 132.71244222 89.50362338 0 P 0
L 132.55397416 82.90201352 132.55397416 83.20201292 0 P 0
L 132.55397416 84.52762368 132.55397416 84.82762308 0 P 0
L 132.56244252 78.07602368 132.56244252 78.37602308 0 P 0
L 132.56244252 89.35362368 132.56244252 89.65362308 0 P 0
L 133.1829061 83.05201322 133.4829055 83.05201322 0 P 0
L 133.1829061 84.67762338 133.4829055 84.67762338 0 P 0
L 133.19137446 78.22602338 133.49137386 78.22602338 0 P 0
L 133.19137446 89.50362338 133.49137386 89.50362338 0 P 0
L 133.3329058 82.90201352 133.3329058 83.20201292 0 P 0
L 133.3329058 84.52762368 133.3329058 84.82762308 0 P 0
L 133.34137416 78.07602368 133.34137416 78.37602308 0 P 0
L 133.34137416 89.35362368 133.34137416 89.65362308 0 P 0
L 133.96183774 83.05201322 134.26183714 83.05201322 0 P 0
L 133.96183774 84.67762338 134.26183714 84.67762338 0 P 0
L 133.9703061 78.22602338 134.2703055 78.22602338 0 P 0
L 133.9703061 89.50362338 134.2703055 89.50362338 0 P 0
L 134.11183744 82.90201352 134.11183744 83.20201292 0 P 0
L 134.11183744 84.52762368 134.11183744 84.82762308 0 P 0
L 134.1203058 78.07602368 134.1203058 78.37602308 0 P 0
L 134.1203058 89.35362368 134.1203058 89.65362308 0 P 0
L 134.74076938 83.05201322 135.04076878 83.05201322 0 P 0
L 134.74076938 84.67762338 135.04076878 84.67762338 0 P 0
L 134.74923774 78.22602338 135.04923714 78.22602338 0 P 0
L 134.74923774 89.50362338 135.04923714 89.50362338 0 P 0
L 134.89076908 82.90201352 134.89076908 83.20201292 0 P 0
L 134.89076908 84.52762368 134.89076908 84.82762308 0 P 0
L 134.89923744 78.07602368 134.89923744 78.37602308 0 P 0
L 134.89923744 89.35362368 134.89923744 89.65362308 0 P 0
L 135.51970102 83.05201322 135.81970042 83.05201322 0 P 0
L 135.51970102 84.67762338 135.81970042 84.67762338 0 P 0
L 135.52816938 78.22602338 135.82816878 78.22602338 0 P 0
L 135.52816938 89.50362338 135.82816878 89.50362338 0 P 0
L 135.66970072 82.90201352 135.66970072 83.20201292 0 P 0
L 135.66970072 84.52762368 135.66970072 84.82762308 0 P 0
L 135.67816908 78.07602368 135.67816908 78.37602308 0 P 0
L 135.67816908 89.35362368 135.67816908 89.65362308 0 P 0
L 136.29863266 83.05201322 136.59863206 83.05201322 0 P 0
L 136.29863266 84.67762338 136.59863206 84.67762338 0 P 0
L 136.30710102 78.22602338 136.60710042 78.22602338 0 P 0
L 136.30710102 89.50362338 136.60710042 89.50362338 0 P 0
L 136.44863236 82.90201352 136.44863236 83.20201292 0 P 0
L 136.44863236 84.52762368 136.44863236 84.82762308 0 P 0
L 136.45710072 78.07602368 136.45710072 78.37602308 0 P 0
L 136.45710072 89.35362368 136.45710072 89.65362308 0 P 0
L 137.0775643 83.05201322 137.3775637 83.05201322 0 P 0
L 137.0775643 84.67762338 137.3775637 84.67762338 0 P 0
L 137.08603266 78.22602338 137.38603206 78.22602338 0 P 0
L 137.08603266 89.50362338 137.38603206 89.50362338 0 P 0
L 137.227564 82.90201352 137.227564 83.20201292 0 P 0
L 137.227564 84.52762368 137.227564 84.82762308 0 P 0
L 137.23603236 78.07602368 137.23603236 78.37602308 0 P 0
L 137.23603236 89.35362368 137.23603236 89.65362308 0 P 0
L 137.85649594 83.05201322 138.15649534 83.05201322 0 P 0
L 137.85649594 84.67762338 138.15649534 84.67762338 0 P 0
L 137.8649643 78.22602338 138.1649637 78.22602338 0 P 0
L 137.8649643 89.50362338 138.1649637 89.50362338 0 P 0
L 138.00649564 82.90201352 138.00649564 83.20201292 0 P 0
L 138.00649564 84.52762368 138.00649564 84.82762308 0 P 0
L 138.014964 78.07602368 138.014964 78.37602308 0 P 0
L 138.014964 89.35362368 138.014964 89.65362308 0 P 0
L 138.63542758 83.05201322 138.93542698 83.05201322 0 P 0
L 138.63542758 84.67762338 138.93542698 84.67762338 0 P 0
L 138.64389594 78.22602338 138.94389534 78.22602338 0 P 0
L 138.64389594 89.50362338 138.94389534 89.50362338 0 P 0
L 138.78542728 82.90201352 138.78542728 83.20201292 0 P 0
L 138.78542728 84.52762368 138.78542728 84.82762308 0 P 0
L 138.79389564 78.07602368 138.79389564 78.37602308 0 P 0
L 138.79389564 89.35362368 138.79389564 89.65362308 0 P 0
L 139.41435922 83.05201322 139.71435862 83.05201322 0 P 0
L 139.41435922 84.67762338 139.71435862 84.67762338 0 P 0
L 139.42282758 78.22602338 139.72282698 78.22602338 0 P 0
L 139.42282758 89.50362338 139.72282698 89.50362338 0 P 0
L 139.56435892 82.90201352 139.56435892 83.20201292 0 P 0
L 139.56435892 84.52762368 139.56435892 84.82762308 0 P 0
L 139.57282728 78.07602368 139.57282728 78.37602308 0 P 0
L 139.57282728 89.35362368 139.57282728 89.65362308 0 P 0
L 140.19329086 83.05201322 140.49329026 83.05201322 0 P 0
L 140.19329086 84.67762338 140.49329026 84.67762338 0 P 0
L 140.20175922 78.22602338 140.50175862 78.22602338 0 P 0
L 140.20175922 89.50362338 140.50175862 89.50362338 0 P 0
L 140.34329056 82.90201352 140.34329056 83.20201292 0 P 0
L 140.34329056 84.52762368 140.34329056 84.82762308 0 P 0
L 140.35000124 81.00000056 140.65000064 81.00000056 0 P 0
L 140.35000124 82.0000011 140.65000064 82.0000011 0 P 0
L 140.35175892 78.07602368 140.35175892 78.37602308 0 P 0
L 140.35175892 89.35362368 140.35175892 89.65362308 0 P 0
L 140.50000094 80.85000086 140.50000094 81.15000026 0 P 0
L 140.50000094 81.8500014 140.50000094 82.1500008 0 P 0
L 140.85000024 85.49999918 141.14999964 85.49999918 0 P 0
L 140.85000024 86.49999972 141.14999964 86.49999972 0 P 0
L 140.98069086 78.22602338 141.28069026 78.22602338 0 P 0
L 140.98069086 89.50362338 141.28069026 89.50362338 0 P 0
L 140.99999994 85.34999948 140.99999994 85.64999888 0 P 0
L 140.99999994 86.35000002 140.99999994 86.64999942 0 P 0
L 141.13069056 78.07602368 141.13069056 78.37602308 0 P 0
L 141.13069056 89.35362368 141.13069056 89.65362308 0 P 0
L 141.7596225 78.22602338 142.0596219 78.22602338 0 P 0
L 141.7596225 89.50362338 142.0596219 89.50362338 0 P 0
L 141.85000078 79.50000102 142.15000018 79.50000102 0 P 0
L 141.85000078 87.99999926 142.15000018 87.99999926 0 P 0
L 141.9096222 78.07602368 141.9096222 78.37602308 0 P 0
L 141.9096222 89.35362368 141.9096222 89.65362308 0 P 0
L 142.00000048 79.35000132 142.00000048 79.65000072 0 P 0
L 142.00000048 87.84999956 142.00000048 88.14999896 0 P 0
L 142.53855414 78.22602338 142.83855354 78.22602338 0 P 0
L 142.53855414 89.50362338 142.83855354 89.50362338 0 P 0
L 142.68855384 78.07602368 142.68855384 78.37602308 0 P 0
L 142.68855384 89.35362368 142.68855384 89.65362308 0 P 0
L 142.85000132 79.50000102 143.15000072 79.50000102 0 P 0
L 142.85000132 87.99999926 143.15000072 87.99999926 0 P 0
L 143.00000102 79.35000132 143.00000102 79.65000072 0 P 0
L 143.00000102 87.84999956 143.00000102 88.14999896 0 P 0
L 143.31748578 78.22602338 143.61748518 78.22602338 0 P 0
L 143.31748578 89.50362338 143.61748518 89.50362338 0 P 0
L 143.46748548 78.07602368 143.46748548 78.37602308 0 P 0
L 143.46748548 89.35362368 143.46748548 89.65362308 0 P 0
L 143.84999932 79.50000102 144.14999872 79.50000102 0 P 0
L 143.84999932 87.99999926 144.14999872 87.99999926 0 P 0
L 143.99999902 79.35000132 143.99999902 79.65000072 0 P 0
L 143.99999902 87.84999956 143.99999902 88.14999896 0 P 0
L 144.09641742 78.22602338 144.39641682 78.22602338 0 P 0
L 144.09641742 89.50362338 144.39641682 89.50362338 0 P 0
L 144.24641712 78.07602368 144.24641712 78.37602308 0 P 0
L 144.24641712 89.35362368 144.24641712 89.65362308 0 P 0
L 144.84999986 79.50000102 145.14999926 79.50000102 0 P 0
L 144.84999986 87.99999926 145.14999926 87.99999926 0 P 0
L 144.87534906 78.22602338 145.17534846 78.22602338 0 P 0
L 144.87534906 89.50362338 145.17534846 89.50362338 0 P 0
L 144.99999956 79.35000132 144.99999956 79.65000072 0 P 0
L 144.99999956 87.84999956 144.99999956 88.14999896 0 P 0
L 145.02534876 78.07602368 145.02534876 78.37602308 0 P 0
L 145.02534876 89.35362368 145.02534876 89.65362308 0 P 0
L 145.8500004 79.50000102 146.1499998 79.50000102 0 P 0
L 145.8500004 87.99999926 146.1499998 87.99999926 0 P 0
L 145.8500004 88.9999998 146.1499998 88.9999998 0 P 0
L 146.0000001 79.35000132 146.0000001 79.65000072 0 P 0
L 146.0000001 87.84999956 146.0000001 88.14999896 0 P 0
L 146.0000001 88.8500001 146.0000001 89.1499995 0 P 0
