UNITS=MM
#Layer_Color=16711935
#
#Feature symbol names
#
$0 r99.9998
$1 rect618.70082x2919.99924

#
#Feature attribute names
#

#
#Layer features
#
A 224.5999953 131.24999658 224.5999953 131.24999658 224.0999963 131.24999658 0 P 0 N
L 262.04983658 125.7798221 262.04983658 136.53983106 0 P 0
L 182.34982072 125.7798221 182.34982072 136.53983106 0 P 0
L 182.34982072 125.7798221 190.5498348 125.7798221 0 P 0
L 182.34982072 136.53983106 190.5498348 136.53983106 0 P 0
L 190.5498348 125.7798221 190.5498348 136.53983106 0 P 0
L 215.97500112 128.32499608 215.97500112 130.07499512 0 P 0
L 215.97500112 128.32499608 216.92499922 128.32499608 0 P 0
L 215.97500112 130.07499512 216.92499922 130.07499512 0 P 0
L 216.52499748 132.52499276 216.52499748 133.4749934 0 P 0
L 216.52499748 132.52499276 218.27499906 132.52499276 0 P 0
L 216.52499748 133.4749934 218.27499906 133.4749934 0 P 0
L 216.57499738 131.02499576 216.57499738 131.97499386 0 P 0
L 216.57499738 131.02499576 218.32499642 131.02499576 0 P 0
L 216.57499738 131.97499386 218.32499642 131.97499386 0 P 0
L 216.92499922 128.32499608 216.92499922 130.07499512 0 P 0
L 217.67500026 128.32499354 217.67500026 130.07499258 0 P 0
L 217.67500026 128.32499354 218.62499836 128.32499354 0 P 0
L 217.67500026 130.07499258 218.62499836 130.07499258 0 P 0
L 218.27499906 132.52499276 218.27499906 133.4749934 0 P 0
L 218.32499642 131.02499576 218.32499642 131.97499386 0 P 0
L 218.62499836 128.32499354 218.62499836 130.07499258 0 P 0
L 220.574997 134.2249919 220.574997 135.97499348 0 P 0
L 220.574997 134.2249919 221.52499764 134.2249919 0 P 0
L 220.574997 135.97499348 221.52499764 135.97499348 0 P 0
L 220.70000056 124.53999984 220.70000056 127.45999908 0 P 0
L 220.70000056 124.53999984 225.30000152 124.53999984 0 P 0
L 220.70000056 127.45999908 225.30000152 127.45999908 0 P 0
L 221.52499764 134.2249919 221.52499764 135.97499348 0 P 0
L 221.89999816 130.34999584 221.89999816 133.44999472 0 P 0
L 221.89999816 130.34999584 224.99999704 130.34999584 0 P 0
L 221.89999816 133.44999472 224.99999704 133.44999472 0 P 0
L 222.07499654 134.22499444 222.07499654 135.97499602 0 P 0
L 222.07499654 134.22499444 223.02499718 134.22499444 0 P 0
L 222.07499654 135.97499602 223.02499718 135.97499602 0 P 0
L 223.02499718 134.22499444 223.02499718 135.97499602 0 P 0
L 224.99999704 130.34999584 224.99999704 133.44999472 0 P 0
L 225.30000152 124.53999984 225.30000152 127.45999908 0 P 0
L 227.22499894 129.89999928 227.22499894 131.64999832 0 P 0
L 227.22499894 129.89999928 228.17499704 129.89999928 0 P 0
L 227.22499894 131.64999832 228.17499704 131.64999832 0 P 0
L 227.47499844 133.0249943 227.47499844 133.97499494 0 P 0
L 227.47499844 133.0249943 229.22500002 133.0249943 0 P 0
L 227.47499844 133.97499494 229.22500002 133.97499494 0 P 0
L 228.17499704 129.89999928 228.17499704 131.64999832 0 P 0
L 229.22500002 133.0249943 229.22500002 133.97499494 0 P 0
L 232.59999962 114.1000004 232.59999962 126.9000002 0 P 0
L 232.59999962 114.1000004 245.39999942 114.1000004 0 P 0
L 232.59999962 126.9000002 245.39999942 126.9000002 0 P 0
L 245.39999942 114.1000004 245.39999942 126.9000002 0 P 0
L 247.07499734 121.32498976 247.07499734 123.07499134 0 P 0
L 247.07499734 121.32498976 248.02499798 121.32498976 0 P 0
L 247.07499734 123.07499134 248.02499798 123.07499134 0 P 0
L 247.07499988 118.32499322 247.07499988 120.07499226 0 P 0
L 247.07499988 118.32499322 248.02499798 118.32499322 0 P 0
L 247.07499988 120.07499226 248.02499798 120.07499226 0 P 0
L 248.02499798 118.32499322 248.02499798 120.07499226 0 P 0
L 248.02499798 121.32498976 248.02499798 123.07499134 0 P 0
L 253.8498225 125.7798221 262.04983658 125.7798221 0 P 0
L 253.8498225 125.7798221 253.8498225 136.53983106 0 P 0
L 253.8498225 136.53983106 262.04983658 136.53983106 0 P 0
P 224.9905711 126.0000782 1 P 0 0
