UNITS=MM
#Layer_Color=9474304
#
#Feature symbol names
#
$0 r127

#
#Feature attribute names
#

#
#Layer features
#
L 3.00000162 5.00000016 6.9999987 5.00000016 0 P 0
L 3.00000162 245.00000022 6.9999987 245.00000022 0 P 0
L 5.00000016 3.00000162 5.00000016 6.9999987 0 P 0
L 5.00000016 243.00000168 5.00000016 246.99999876 0 P 0
L 8.00000178 124.99999892 11.99999886 124.99999892 0 P 0
L 10.00000032 123.00000038 10.00000032 126.99999746 0 P 0
L 257.40000082 128.31999482 258.49999862 128.31999482 0 P 0
L 257.40000082 133.39999482 258.49999862 133.39999482 0 P 0
L 257.94999972 127.76999592 257.94999972 128.86999372 0 P 0
L 257.94999972 132.84999592 257.94999972 133.94999372 0 P 0
L 258.64440016 113.00000006 259.35560016 113.00000006 0 P 0
L 259.00000016 112.64440006 259.00000016 113.35560006 0 P 0
L 288.00000058 124.99999892 291.99999766 124.99999892 0 P 0
L 289.99999912 123.00000038 289.99999912 126.99999746 0 P 0
L 293.00000074 5.00000016 296.99999782 5.00000016 0 P 0
L 293.00000074 245.00000022 296.99999782 245.00000022 0 P 0
L 294.99999928 3.00000162 294.99999928 6.9999987 0 P 0
L 294.99999928 243.00000168 294.99999928 246.99999876 0 P 0
L 184.64440084 119.99999876 185.35560084 119.99999876 0 P 0
L 185.00000084 119.64439876 185.00000084 120.35559876 0 P 0
L 185.89999904 128.31999482 186.99999684 128.31999482 0 P 0
L 185.89999904 133.39999482 186.99999684 133.39999482 0 P 0
L 186.44999794 127.76999592 186.44999794 128.86999372 0 P 0
L 186.44999794 132.84999592 186.44999794 133.94999372 0 P 0
L 215.5500007 131.50000116 215.8500001 131.50000116 0 P 0
L 215.7000004 131.35000146 215.7000004 131.65000086 0 P 0
L 216.2499993 126.6000008 216.5499987 126.6000008 0 P 0
L 216.399999 126.4500011 216.399999 126.7500005 0 P 0
L 218.05000078 126.6000008 218.35000018 126.6000008 0 P 0
L 218.20000048 126.4500011 218.20000048 126.7500005 0 P 0
L 220.55000086 128.39999974 220.85000026 128.39999974 0 P 0
L 220.70000056 128.25000004 220.70000056 128.54999944 0 P 0
L 223.97701966 135.75815622 224.27701906 135.75815622 0 P 0
L 224.12701936 135.60815652 224.12701936 135.90815592 0 P 0
L 225.53125582 134.38147622 225.83125522 134.38147622 0 P 0
L 225.68125552 134.23147652 225.68125552 134.53147592 0 P 0
L 230.14999944 133.3999999 230.44999884 133.3999999 0 P 0
L 230.29999914 133.2500002 230.29999914 133.5499996 0 P 0
L 247.3398787 117.1208351 247.6398781 117.1208351 0 P 0
L 247.4898784 116.9708354 247.4898784 117.2708348 0 P 0
