UNITS=MM
#Layer_Color=32768
#
#Feature symbol names
#
$0 r49.9999
$1 r99.9998

#
#Feature attribute names
#

#
#Layer features
#
L 257.44199972 130.85999482 257.94999972 130.85999482 1 P 0
L 257.94999972 130.35199482 257.94999972 130.85999482 1 P 0
L 257.94999972 130.85999482 257.94999972 131.36799482 1 P 0
L 257.94999972 130.85999482 258.45799972 130.85999482 1 P 0
L 262.24999874 125.57999522 262.24999874 136.73999576 0 P 0
L 182.14999892 125.57999522 182.14999892 136.73999576 0 P 0
L 182.14999892 125.57999522 190.74999696 125.57999522 0 P 0
L 182.14999892 136.73999576 190.74999696 136.73999576 0 P 0
L 185.94199794 130.85999482 186.44999794 130.85999482 1 P 0
L 186.44999794 130.35199482 186.44999794 130.85999482 1 P 0
L 186.44999794 130.85999482 186.44999794 131.36799482 1 P 0
L 186.44999794 130.85999482 186.95799794 130.85999482 1 P 0
L 190.74999696 125.57999522 190.74999696 136.73999576 0 P 0
L 215.7000004 127.84999576 215.7000004 130.54999544 0 P 0
L 215.7000004 127.84999576 217.19999994 127.84999576 0 P 0
L 215.7000004 130.54999544 217.19999994 130.54999544 0 P 0
L 215.97500112 129.1999956 216.92499922 129.1999956 1 P 0
L 216.04999716 132.24999204 216.04999716 133.74999158 0 P 0
L 216.04999716 132.24999204 218.74999938 132.24999204 0 P 0
L 216.04999716 133.74999158 218.74999938 133.74999158 0 P 0
L 216.09999706 130.74999504 216.09999706 132.24999458 0 P 0
L 216.09999706 130.74999504 218.79999674 130.74999504 0 P 0
L 216.09999706 132.24999458 218.79999674 132.24999458 0 P 0
L 216.4499989 128.72499528 216.4499989 129.67499592 1 P 0
L 216.92499922 132.99999308 217.87499732 132.99999308 1 P 0
L 216.97499658 131.49999354 217.92499722 131.49999354 1 P 0
L 217.19999994 127.84999576 217.19999994 130.54999544 0 P 0
L 217.399997 132.52499276 217.399997 133.4749934 1 P 0
L 217.39999954 127.84999322 217.39999954 130.5499929 0 P 0
L 217.39999954 127.84999322 218.89999908 127.84999322 0 P 0
L 217.39999954 130.5499929 218.89999908 130.5499929 0 P 0
L 217.4499969 131.02499576 217.4499969 131.97499386 1 P 0
L 217.67500026 129.19999306 218.62499836 129.19999306 1 P 0
L 218.14999804 128.72499274 218.14999804 129.67499338 1 P 0
L 218.74999938 132.24999204 218.74999938 133.74999158 0 P 0
L 218.79999674 130.74999504 218.79999674 132.24999458 0 P 0
L 218.89999908 127.84999322 218.89999908 130.5499929 0 P 0
L 219.44400104 124.25000042 219.44400104 127.7499985 0 P 0
L 219.44400104 124.25000042 226.55600104 124.25000042 0 P 0
L 219.44400104 127.7499985 226.55600104 127.7499985 0 P 0
L 220.29999628 130.09999634 220.29999628 133.69999676 0 P 0
L 220.29999628 130.09999634 226.59999638 130.09999634 0 P 0
L 220.29999628 133.69999676 226.59999638 133.69999676 0 P 0
L 220.29999628 133.74999158 220.29999628 136.4499938 0 P 0
L 220.29999628 133.74999158 221.79999582 133.74999158 0 P 0
L 220.29999628 136.4499938 221.79999582 136.4499938 0 P 0
L 220.574997 135.09999396 221.52499764 135.09999396 1 P 0
L 221.04999732 134.62499364 221.04999732 135.57499174 1 P 0
L 221.79999582 133.74999158 221.79999582 136.4499938 0 P 0
L 221.79999836 133.74999412 221.79999836 136.44999634 0 P 0
L 221.79999836 133.74999412 223.2999979 133.74999412 0 P 0
L 221.79999836 136.44999634 223.2999979 136.44999634 0 P 0
L 222.07499654 135.09999396 223.02499718 135.09999396 1 P 0
L 222.50000204 125.99999946 223.50000258 125.99999946 1 P 0
L 222.54999686 134.62499618 222.54999686 135.57499428 1 P 0
L 222.94999606 131.89999528 223.9499966 131.89999528 1 P 0
L 223.00000104 125.49999792 223.00000104 126.49999846 1 P 0
L 223.2999979 133.74999412 223.2999979 136.44999634 0 P 0
L 223.4499976 131.39999628 223.4499976 132.39999682 1 P 0
L 226.55600104 124.25000042 226.55600104 127.7499985 0 P 0
L 226.59999638 130.09999634 226.59999638 133.69999676 0 P 0
L 226.94999822 129.42499896 226.94999822 132.12499864 0 P 0
L 226.94999822 129.42499896 228.44999776 129.42499896 0 P 0
L 226.94999822 132.12499864 228.44999776 132.12499864 0 P 0
L 226.99999812 132.74999358 226.99999812 134.24999312 0 P 0
L 226.99999812 132.74999358 229.70000034 132.74999358 0 P 0
L 226.99999812 134.24999312 229.70000034 134.24999312 0 P 0
L 227.22499894 130.7749988 228.17499704 130.7749988 1 P 0
L 227.69999926 130.29999848 227.69999926 131.24999912 1 P 0
L 227.87500018 133.49999462 228.82499828 133.49999462 1 P 0
L 228.34999796 133.0249943 228.34999796 133.97499494 1 P 0
L 228.44999776 129.42499896 228.44999776 132.12499864 0 P 0
L 229.70000034 132.74999358 229.70000034 134.24999312 0 P 0
L 231.775 113.8500009 231.775 127.1499997 0 P 0
L 231.775 113.8500009 246.22499904 113.8500009 0 P 0
L 231.775 127.1499997 246.22499904 127.1499997 0 P 0
L 238.49999798 120.5000003 239.49999852 120.5000003 1 P 0
L 238.99999952 119.99999876 238.99999952 120.9999993 1 P 0
L 246.22499904 113.8500009 246.22499904 127.1499997 0 P 0
L 246.79999662 120.84998944 246.79999662 123.54999166 0 P 0
L 246.79999662 120.84998944 248.29999616 120.84998944 0 P 0
L 246.79999662 123.54999166 248.29999616 123.54999166 0 P 0
L 246.79999916 117.8499929 246.79999916 120.54999258 0 P 0
L 246.79999916 117.8499929 248.2999987 117.8499929 0 P 0
L 246.79999916 120.54999258 248.2999987 120.54999258 0 P 0
L 247.07499734 122.19999182 248.02499798 122.19999182 1 P 0
L 247.07499988 119.19999274 248.02499798 119.19999274 1 P 0
L 247.54999766 118.72499242 247.54999766 119.67499306 1 P 0
L 247.54999766 121.7249915 247.54999766 122.6749896 1 P 0
L 248.29999616 120.84998944 248.29999616 123.54999166 0 P 0
L 248.2999987 117.8499929 248.2999987 120.54999258 0 P 0
L 253.6500007 125.57999522 262.24999874 125.57999522 0 P 0
L 253.6500007 125.57999522 253.6500007 136.73999576 0 P 0
L 253.6500007 136.73999576 262.24999874 136.73999576 0 P 0
