UNITS=MM
#Layer_Color=9474304
#
#Feature symbol names
#
$0 r169.33164
$1 r127

#
#Feature attribute names
#

#
#Layer features
#
A 216.2080004 131.50000116 216.2080004 131.50000116 215.7000004 131.50000116 0 P 0 N
A 216.907999 126.6000008 216.907999 126.6000008 216.399999 126.6000008 0 P 0 N
A 218.70800048 126.6000008 218.70800048 126.6000008 218.20000048 126.6000008 0 P 0 N
A 221.20800056 128.39999974 221.20800056 128.39999974 220.70000056 128.39999974 0 P 0 N
A 224.63501936 135.75815622 224.63501936 135.75815622 224.12701936 135.75815622 0 P 0 N
A 226.18925552 134.38147622 226.18925552 134.38147622 225.68125552 134.38147622 0 P 0 N
A 230.80799914 133.3999999 230.80799914 133.3999999 230.29999914 133.3999999 0 P 0 N
A 247.9978784 117.1208351 247.9978784 117.1208351 247.4898784 117.1208351 0 P 0 N
L 4.49200016 5.50800016 5.00000016 4.49200016 1 P 0
L 4.49200016 5.50800016 5.50800016 5.50800016 1 P 0
L 4.49200016 245.50800022 5.00000016 244.49200022 1 P 0
L 4.49200016 245.50800022 5.50800016 245.50800022 1 P 0
L 5.00000016 4.49200016 5.50800016 5.50800016 1 P 0
L 5.00000016 244.49200022 5.50800016 245.50800022 1 P 0
L 9.49200032 125.50799892 10.00000032 124.49199892 1 P 0
L 9.49200032 125.50799892 10.50800032 125.50799892 1 P 0
L 10.00000032 124.49199892 10.50800032 125.50799892 1 P 0
L 257.44199972 127.81199482 257.44199972 128.82799482 1 P 0
L 257.44199972 127.81199482 258.45799972 127.81199482 1 P 0
L 257.44199972 128.82799482 258.45799972 128.82799482 1 P 0
L 257.44199972 132.89199482 257.44199972 133.90799482 1 P 0
L 257.44199972 132.89199482 258.45799972 132.89199482 1 P 0
L 257.44199972 133.90799482 258.45799972 133.90799482 1 P 0
L 258.45799972 127.81199482 258.45799972 128.82799482 1 P 0
L 258.45799972 132.89199482 258.45799972 133.90799482 1 P 0
L 258.49200016 112.74600006 258.74600016 112.74600006 1 P 0
L 258.49200016 112.74600006 258.74600016 113.00000006 1 P 0
L 258.49200016 113.25400006 258.74600016 113.00000006 1 P 0
L 258.49200016 113.25400006 258.74600016 113.25400006 1 P 0
L 258.74600016 112.74600006 259.00000016 112.49200006 1 P 0
L 258.74600016 113.25400006 259.00000016 113.50800006 1 P 0
L 259.00000016 112.49200006 259.25400016 112.74600006 1 P 0
L 259.00000016 113.50800006 259.25400016 113.25400006 1 P 0
L 259.25400016 112.74600006 259.50800016 112.74600006 1 P 0
L 259.25400016 113.00000006 259.50800016 112.74600006 1 P 0
L 259.25400016 113.00000006 259.50800016 113.25400006 1 P 0
L 259.25400016 113.25400006 259.50800016 113.25400006 1 P 0
L 289.49199912 125.50799892 289.99999912 124.49199892 1 P 0
L 289.49199912 125.50799892 290.50799912 125.50799892 1 P 0
L 289.99999912 124.49199892 290.50799912 125.50799892 1 P 0
L 294.49199928 5.50800016 294.99999928 4.49200016 1 P 0
L 294.49199928 5.50800016 295.50799928 5.50800016 1 P 0
L 294.49199928 245.50800022 294.99999928 244.49200022 1 P 0
L 294.49199928 245.50800022 295.50799928 245.50800022 1 P 0
L 294.99999928 4.49200016 295.50799928 5.50800016 1 P 0
L 294.99999928 244.49200022 295.50799928 245.50800022 1 P 0
L 184.49200084 119.74599876 184.74600084 119.74599876 1 P 0
L 184.49200084 119.74599876 184.74600084 119.99999876 1 P 0
L 184.49200084 120.25399876 184.74600084 119.99999876 1 P 0
L 184.49200084 120.25399876 184.74600084 120.25399876 1 P 0
L 184.74600084 119.74599876 185.00000084 119.49199876 1 P 0
L 184.74600084 120.25399876 185.00000084 120.50799876 1 P 0
L 185.00000084 119.49199876 185.25400084 119.74599876 1 P 0
L 185.00000084 120.50799876 185.25400084 120.25399876 1 P 0
L 185.25400084 119.74599876 185.50800084 119.74599876 1 P 0
L 185.25400084 119.99999876 185.50800084 119.74599876 1 P 0
L 185.25400084 119.99999876 185.50800084 120.25399876 1 P 0
L 185.25400084 120.25399876 185.50800084 120.25399876 1 P 0
L 185.94199794 127.81199482 185.94199794 128.82799482 1 P 0
L 185.94199794 127.81199482 186.95799794 127.81199482 1 P 0
L 185.94199794 128.82799482 186.95799794 128.82799482 1 P 0
L 185.94199794 132.89199482 185.94199794 133.90799482 1 P 0
L 185.94199794 132.89199482 186.95799794 132.89199482 1 P 0
L 185.94199794 133.90799482 186.95799794 133.90799482 1 P 0
L 186.95799794 127.81199482 186.95799794 128.82799482 1 P 0
L 186.95799794 132.89199482 186.95799794 133.90799482 1 P 0
